0||
1|0.0,0.0,0.0,1.0,1.0,1.0|DOWN,UP,NORTH,SOUTH,WEST,EAST
2|0.0,0.0,0.0,0.1875,0.5625,0.1875;0.8125,0.0,0.0,1.0,0.5625,0.1875;0.0,0.1875,0.1875,1.0,0.5625,1.0;0.1875,0.1875,0.0,0.8125,0.5625,0.1875|
3|0.0,0.0,0.8125,0.1875,0.5625,1.0;0.8125,0.0,0.8125,1.0,0.5625,1.0;0.0,0.1875,0.0,1.0,0.5625,0.8125;0.1875,0.1875,0.8125,0.8125,0.5625,1.0|
4|0.0,0.0,0.0,0.1875,0.5625,0.1875;0.0,0.0,0.8125,0.1875,0.5625,1.0;0.0,0.1875,0.1875,1.0,0.5625,0.8125;0.1875,0.1875,0.0,1.0,0.5625,0.1875;0.1875,0.1875,0.8125,1.0,0.5625,1.0|
5|0.8125,0.0,0.0,1.0,0.5625,0.1875;0.8125,0.0,0.8125,1.0,0.5625,1.0;0.0,0.1875,0.0,0.8125,0.5625,1.0;0.8125,0.1875,0.1875,1.0,0.5625,0.8125|
6|0.0,0.0,0.25,1.0,1.0,1.0|SOUTH
7|0.0,0.0,0.0,0.75,1.0,1.0|WEST
8|0.0,0.0,0.0,1.0,1.0,0.75|NORTH
9|0.25,0.0,0.0,1.0,1.0,1.0|EAST
10|0.0,0.0,0.0,1.0,0.75,1.0|DOWN
11|0.0,0.25,0.0,1.0,1.0,1.0|UP
12|0.0,0.0,0.0,1.0,1.0,0.25;0.375,0.375,0.25,0.625,0.625,1.0|NORTH
13|0.0,0.0,0.0,1.0,1.0,0.25;0.375,0.375,0.25,0.625,0.625,1.25|NORTH
14|0.75,0.0,0.0,1.0,1.0,1.0;0.0,0.375,0.375,0.75,0.625,0.625|EAST
15|0.75,0.0,0.0,1.0,1.0,1.0;-0.25,0.375,0.375,0.75,0.625,0.625|EAST
16|0.0,0.0,0.75,1.0,1.0,1.0;0.375,0.375,0.0,0.625,0.625,0.75|SOUTH
17|0.0,0.0,0.75,1.0,1.0,1.0;0.375,0.375,-0.25,0.625,0.625,0.75|SOUTH
18|0.0,0.0,0.0,0.25,1.0,1.0;0.25,0.375,0.375,1.0,0.625,0.625|WEST
19|0.0,0.0,0.0,0.25,1.0,1.0;0.25,0.375,0.375,1.25,0.625,0.625|WEST
20|0.375,0.0,0.375,0.625,1.0,0.625;0.0,0.75,0.0,0.375,1.0,1.0;0.375,0.75,0.0,1.0,1.0,0.375;0.375,0.75,0.625,1.0,1.0,1.0;0.625,0.75,0.375,1.0,1.0,0.625|UP
21|0.375,-0.25,0.375,0.625,1.0,0.625;0.0,0.75,0.0,0.375,1.0,1.0;0.375,0.75,0.0,1.0,1.0,0.375;0.375,0.75,0.625,1.0,1.0,1.0;0.625,0.75,0.375,1.0,1.0,0.625|UP
22|0.0,0.0,0.0,1.0,0.25,1.0;0.375,0.25,0.375,0.625,1.0,0.625|DOWN
23|0.0,0.0,0.0,1.0,0.25,1.0;0.375,0.25,0.375,0.625,1.25,0.625|DOWN
24|0.0,0.0,0.0,1.0,1.0,0.5;0.0,0.5,0.5,1.0,1.0,1.0|UP,NORTH
25|0.0,0.0,0.0,0.5,1.0,1.0;0.5,0.0,0.0,1.0,1.0,0.5;0.5,0.5,0.5,1.0,1.0,1.0|UP,NORTH,WEST
26|0.0,0.0,0.0,1.0,1.0,0.5;0.5,0.0,0.5,1.0,1.0,1.0;0.0,0.5,0.5,0.5,1.0,1.0|UP,NORTH,EAST
27|0.0,0.0,0.0,0.5,1.0,0.5;0.0,0.5,0.5,1.0,1.0,1.0;0.5,0.5,0.0,1.0,1.0,0.5|UP
28|0.5,0.0,0.0,1.0,1.0,0.5;0.0,0.5,0.0,0.5,1.0,1.0;0.5,0.5,0.5,1.0,1.0,1.0|UP
29|0.0,0.0,0.0,1.0,0.5,1.0;0.0,0.5,0.0,1.0,1.0,0.5|DOWN,NORTH
30|0.0,0.0,0.0,1.0,0.5,1.0;0.0,0.5,0.0,0.5,1.0,1.0;0.5,0.5,0.0,1.0,1.0,0.5|DOWN,NORTH,WEST
31|0.0,0.0,0.0,1.0,0.5,1.0;0.0,0.5,0.0,1.0,1.0,0.5;0.5,0.5,0.5,1.0,1.0,1.0|DOWN,NORTH,EAST
32|0.0,0.0,0.0,1.0,0.5,1.0;0.0,0.5,0.0,0.5,1.0,0.5|DOWN
33|0.0,0.0,0.0,1.0,0.5,1.0;0.5,0.5,0.0,1.0,1.0,0.5|DOWN
34|0.0,0.0,0.5,1.0,1.0,1.0;0.0,0.5,0.0,1.0,1.0,0.5|UP,SOUTH
35|0.0,0.0,0.5,1.0,1.0,1.0;0.5,0.0,0.0,1.0,1.0,0.5;0.0,0.5,0.0,0.5,1.0,0.5|UP,SOUTH,EAST
36|0.0,0.0,0.0,0.5,1.0,1.0;0.5,0.0,0.5,1.0,1.0,1.0;0.5,0.5,0.0,1.0,1.0,0.5|UP,SOUTH,WEST
37|0.5,0.0,0.5,1.0,1.0,1.0;0.0,0.5,0.0,0.5,1.0,1.0;0.5,0.5,0.0,1.0,1.0,0.5|UP
38|0.0,0.0,0.5,0.5,1.0,1.0;0.0,0.5,0.0,1.0,1.0,0.5;0.5,0.5,0.5,1.0,1.0,1.0|UP
39|0.0,0.0,0.0,1.0,0.5,1.0;0.0,0.5,0.5,1.0,1.0,1.0|DOWN,SOUTH
40|0.0,0.0,0.0,1.0,0.5,1.0;0.0,0.5,0.5,1.0,1.0,1.0;0.5,0.5,0.0,1.0,1.0,0.5|DOWN,SOUTH,EAST
41|0.0,0.0,0.0,1.0,0.5,1.0;0.0,0.5,0.0,0.5,1.0,1.0;0.5,0.5,0.5,1.0,1.0,1.0|DOWN,SOUTH,WEST
42|0.0,0.0,0.0,1.0,0.5,1.0;0.5,0.5,0.5,1.0,1.0,1.0|DOWN
43|0.0,0.0,0.0,1.0,0.5,1.0;0.0,0.5,0.5,0.5,1.0,1.0|DOWN
44|0.0,0.0,0.0,0.5,1.0,1.0;0.5,0.5,0.0,1.0,1.0,1.0|UP,WEST
45|0.0,0.0,0.0,1.0,0.5,1.0;0.0,0.5,0.0,0.5,1.0,1.0|DOWN,WEST
46|0.5,0.0,0.0,1.0,1.0,1.0;0.0,0.5,0.0,0.5,1.0,1.0|UP,EAST
47|0.0,0.0,0.0,1.0,0.5,1.0;0.5,0.5,0.0,1.0,1.0,1.0|DOWN,EAST
48|0.0625,0.0,0.0625,0.9375,0.875,0.9375|
49|0.0625,0.0,0.0625,1.0,0.875,0.9375|
50|0.0,0.0,0.0625,0.9375,0.875,0.9375|
51|0.0625,0.0,0.0,0.9375,0.875,0.9375|
52|0.0625,0.0,0.0625,0.9375,0.875,1.0|
53|0.0,0.0,0.0,1.0,0.9375,1.0|DOWN
54|0.0,0.0,0.0,0.1875,1.0,1.0|WEST
55|0.0,0.0,0.8125,1.0,1.0,1.0|SOUTH
56|0.8125,0.0,0.0,1.0,1.0,1.0|EAST
57|0.0,0.0,0.0,1.0,1.0,0.1875|NORTH
58|0.0625,0.0,0.4375,0.9375,0.625,0.5625|
59|0.1875,0.0,0.1875,0.8125,1.0,0.8125|
60|0.4375,0.0,0.0625,0.5625,0.625,0.9375|
61|0.0,0.875,0.375,1.0,1.0,0.625|
62|0.0625,0.0,0.4375,0.9375,0.625,0.5625;0.0,0.875,0.375,1.0,1.0,0.625|
63|0.375,0.875,0.0,0.625,1.0,1.0|
64|0.4375,0.0,0.0625,0.5625,0.625,0.9375;0.375,0.875,0.0,0.625,1.0,1.0|
65|0.0,0.0,0.0,1.0,0.125,1.0|DOWN
66|0.0,0.0,0.0,1.0,0.25,1.0|DOWN
67|0.0,0.0,0.0,1.0,0.375,1.0|DOWN
68|0.0,0.0,0.0,1.0,0.5,1.0|DOWN
69|0.0,0.0,0.0,1.0,0.625,1.0|DOWN
70|0.0,0.0,0.0,1.0,0.875,1.0|DOWN
71|0.0625,0.0,0.0625,0.9375,0.9375,0.9375|
72|0.0,0.0,0.375,1.0,1.5,0.625;0.375,0.0,0.0,0.625,1.5,0.375;0.375,0.0,0.625,0.625,1.5,1.0|
73|0.375,0.0,0.0,0.625,1.5,1.0;0.625,0.0,0.375,1.0,1.5,0.625|
74|0.0,0.0,0.375,1.0,1.5,0.625;0.375,0.0,0.0,0.625,1.5,0.375|
75|0.375,0.0,0.0,0.625,1.5,0.625;0.625,0.0,0.375,1.0,1.5,0.625|
76|0.0,0.0,0.375,1.0,1.5,0.625;0.375,0.0,0.625,0.625,1.5,1.0|
77|0.375,0.0,0.375,0.625,1.5,1.0;0.625,0.0,0.375,1.0,1.5,0.625|
78|0.0,0.0,0.375,1.0,1.5,0.625|
79|0.375,0.0,0.375,1.0,1.5,0.625|
80|0.0,0.0,0.375,0.625,1.5,0.625;0.375,0.0,0.0,0.625,1.5,0.375;0.375,0.0,0.625,0.625,1.5,1.0|
81|0.375,0.0,0.0,0.625,1.5,1.0|
82|0.0,0.0,0.375,0.625,1.5,0.625;0.375,0.0,0.0,0.625,1.5,0.375|
83|0.375,0.0,0.0,0.625,1.5,0.625|
84|0.0,0.0,0.375,0.625,1.5,0.625;0.375,0.0,0.625,0.625,1.5,1.0|
85|0.375,0.0,0.375,0.625,1.5,1.0|
86|0.0,0.0,0.375,0.625,1.5,0.625|
87|0.375,0.0,0.375,0.625,1.5,0.625|
88|0.0625,0.0,0.0625,0.9375,0.5,0.9375|
89|0.1875,0.0,0.0625,0.9375,0.5,0.9375|
90|0.3125,0.0,0.0625,0.9375,0.5,0.9375|
91|0.4375,0.0,0.0625,0.9375,0.5,0.9375|
92|0.5625,0.0,0.0625,0.9375,0.5,0.9375|
93|0.6875,0.0,0.0625,0.9375,0.5,0.9375|
94|0.8125,0.0,0.0625,0.9375,0.5,0.9375|
95|0.0,0.8125,0.0,1.0,1.0,1.0|UP
96|0.0,0.0,0.0,1.0,0.1875,1.0|DOWN
97|0.0,0.0,0.4375,1.0,1.0,0.5625;0.4375,0.0,0.0,0.5625,1.0,0.4375;0.4375,0.0,0.5625,0.5625,1.0,1.0|
98|0.4375,0.0,0.0,0.5625,1.0,1.0;0.5625,0.0,0.4375,1.0,1.0,0.5625|
99|0.0,0.0,0.4375,1.0,1.0,0.5625;0.4375,0.0,0.0,0.5625,1.0,0.4375|
100|0.4375,0.0,0.0,0.5625,1.0,0.5625;0.5625,0.0,0.4375,1.0,1.0,0.5625|
101|0.0,0.0,0.4375,1.0,1.0,0.5625;0.4375,0.0,0.5625,0.5625,1.0,1.0|
102|0.4375,0.0,0.4375,0.5625,1.0,1.0;0.5625,0.0,0.4375,1.0,1.0,0.5625|
103|0.0,0.0,0.4375,1.0,1.0,0.5625|
104|0.4375,0.0,0.4375,1.0,1.0,0.5625|
105|0.0,0.0,0.4375,0.5625,1.0,0.5625;0.4375,0.0,0.0,0.5625,1.0,0.4375;0.4375,0.0,0.5625,0.5625,1.0,1.0|
106|0.4375,0.0,0.0,0.5625,1.0,1.0|
107|0.0,0.0,0.4375,0.5625,1.0,0.5625;0.4375,0.0,0.0,0.5625,1.0,0.4375|
108|0.4375,0.0,0.0,0.5625,1.0,0.5625|
109|0.0,0.0,0.4375,0.5625,1.0,0.5625;0.4375,0.0,0.5625,0.5625,1.0,1.0|
110|0.4375,0.0,0.4375,0.5625,1.0,1.0|
111|0.0,0.0,0.4375,0.5625,1.0,0.5625|
112|0.4375,0.0,0.4375,0.5625,1.0,0.5625|
113|0.0,0.40625,0.40625,1.0,0.59375,0.59375|
114|0.40625,0.0,0.40625,0.59375,1.0,0.59375|
115|0.40625,0.40625,0.0,0.59375,0.59375,1.0|
116|0.0,0.3125,0.375,1.0,1.5,0.625|
117|0.375,0.3125,0.0,0.625,1.5,1.0|
118|0.0625,0.0,0.0625,0.9375,0.09375,0.9375|
119|0.0,0.5,0.0,1.0,1.0,1.0|UP
120|0.25,0.0,0.25,0.75,1.5,0.75|
121|0.0,0.0,0.3125,0.75,1.5,0.6875;0.25,0.0,0.25,0.75,1.5,0.3125;0.25,0.0,0.6875,0.75,1.5,0.75|
122|0.0,0.0,0.3125,0.6875,1.5,0.6875|
123|0.25,0.0,0.25,0.75,1.5,0.75;0.3125,0.0,0.75,0.6875,1.5,1.0|
124|0.0,0.0,0.3125,0.75,1.5,0.6875;0.25,0.0,0.25,0.75,1.5,0.3125;0.25,0.0,0.6875,0.75,1.5,0.75;0.3125,0.0,0.75,0.6875,1.5,1.0|
125|0.3125,0.0,0.3125,0.6875,1.5,1.0|
126|0.0,0.0,0.3125,0.6875,1.5,0.6875;0.3125,0.0,0.6875,0.6875,1.5,1.0|
127|0.25,0.0,0.25,0.75,1.5,0.75;0.3125,0.0,0.0,0.6875,1.5,0.25|
128|0.0,0.0,0.3125,0.75,1.5,0.6875;0.25,0.0,0.25,0.75,1.5,0.3125;0.25,0.0,0.6875,0.75,1.5,0.75;0.3125,0.0,0.0,0.6875,1.5,0.25|
129|0.3125,0.0,0.0,0.6875,1.5,0.6875|
130|0.0,0.0,0.3125,0.6875,1.5,0.6875;0.3125,0.0,0.0,0.6875,1.5,0.3125|
131|0.25,0.0,0.25,0.75,1.5,0.75;0.3125,0.0,0.0,0.6875,1.5,0.25;0.3125,0.0,0.75,0.6875,1.5,1.0|
132|0.0,0.0,0.3125,0.75,1.5,0.6875;0.25,0.0,0.25,0.75,1.5,0.3125;0.25,0.0,0.6875,0.75,1.5,0.75;0.3125,0.0,0.0,0.6875,1.5,0.25;0.3125,0.0,0.75,0.6875,1.5,1.0|
133|0.3125,0.0,0.0,0.6875,1.5,1.0|
134|0.0,0.0,0.3125,0.6875,1.5,0.6875;0.3125,0.0,0.0,0.6875,1.5,0.3125;0.3125,0.0,0.6875,0.6875,1.5,1.0|
135|0.25,0.0,0.25,0.75,1.5,0.75;0.75,0.0,0.3125,1.0,1.5,0.6875|
136|0.0,0.0,0.3125,1.0,1.5,0.6875;0.25,0.0,0.25,0.75,1.5,0.3125;0.25,0.0,0.6875,0.75,1.5,0.75|
137|0.3125,0.0,0.3125,1.0,1.5,0.6875|
138|0.0,0.0,0.3125,1.0,1.5,0.6875|
139|0.25,0.0,0.25,0.75,1.5,0.75;0.3125,0.0,0.75,0.6875,1.5,1.0;0.75,0.0,0.3125,1.0,1.5,0.6875|
140|0.0,0.0,0.3125,1.0,1.5,0.6875;0.25,0.0,0.25,0.75,1.5,0.3125;0.25,0.0,0.6875,0.75,1.5,0.75;0.3125,0.0,0.75,0.6875,1.5,1.0|
141|0.3125,0.0,0.3125,0.6875,1.5,1.0;0.6875,0.0,0.3125,1.0,1.5,0.6875|
142|0.0,0.0,0.3125,1.0,1.5,0.6875;0.3125,0.0,0.6875,0.6875,1.5,1.0|
143|0.25,0.0,0.25,0.75,1.5,0.75;0.3125,0.0,0.0,0.6875,1.5,0.25;0.75,0.0,0.3125,1.0,1.5,0.6875|
144|0.0,0.0,0.3125,1.0,1.5,0.6875;0.25,0.0,0.25,0.75,1.5,0.3125;0.25,0.0,0.6875,0.75,1.5,0.75;0.3125,0.0,0.0,0.6875,1.5,0.25|
145|0.3125,0.0,0.0,0.6875,1.5,0.6875;0.6875,0.0,0.3125,1.0,1.5,0.6875|
146|0.0,0.0,0.3125,1.0,1.5,0.6875;0.3125,0.0,0.0,0.6875,1.5,0.3125|
147|0.25,0.0,0.25,0.75,1.5,0.75;0.3125,0.0,0.0,0.6875,1.5,0.25;0.3125,0.0,0.75,0.6875,1.5,1.0;0.75,0.0,0.3125,1.0,1.5,0.6875|
148|0.0,0.0,0.3125,1.0,1.5,0.6875;0.25,0.0,0.25,0.75,1.5,0.3125;0.25,0.0,0.6875,0.75,1.5,0.75;0.3125,0.0,0.0,0.6875,1.5,0.25;0.3125,0.0,0.75,0.6875,1.5,1.0|
149|0.3125,0.0,0.0,0.6875,1.5,1.0;0.6875,0.0,0.3125,1.0,1.5,0.6875|
150|0.0,0.0,0.3125,1.0,1.5,0.6875;0.3125,0.0,0.0,0.6875,1.5,0.3125;0.3125,0.0,0.6875,0.6875,1.5,1.0|
151|0.0625,0.0,0.0625,0.9375,0.125,0.9375;0.4375,0.125,0.4375,0.5625,0.875,0.5625|
152|0.0,0.0,0.0,0.125,1.0,0.25;0.0,0.0,0.75,0.125,1.0,1.0;0.125,0.0,0.0,0.25,1.0,0.125;0.125,0.0,0.875,0.25,1.0,1.0;0.75,0.0,0.0,1.0,1.0,0.125;0.75,0.0,0.875,1.0,1.0,1.0;0.875,0.0,0.125,1.0,1.0,0.25;0.875,0.0,0.75,1.0,1.0,0.875;0.0,0.1875,0.25,1.0,0.25,0.75;0.125,0.1875,0.125,0.875,0.25,0.25;0.125,0.1875,0.75,0.875,0.25,0.875;0.25,0.1875,0.0,0.75,1.0,0.125;0.25,0.1875,0.875,0.75,1.0,1.0;0.0,0.25,0.25,0.125,1.0,0.75;0.875,0.25,0.25,1.0,1.0,0.75|
153|0.0,0.0,0.0,1.0,0.8125,1.0;0.25,0.8125,0.25,0.75,1.0,0.75|DOWN
154|0.0,0.0,0.0,1.0,0.8125,1.0|DOWN
155|0.0625,0.0,0.0625,0.9375,1.0,0.9375|
156|0.375,0.4375,0.0625,0.625,0.75,0.3125|
157|0.375,0.4375,0.6875,0.625,0.75,0.9375|
158|0.0625,0.4375,0.375,0.3125,0.75,0.625|
159|0.6875,0.4375,0.375,0.9375,0.75,0.625|
160|0.3125,0.3125,0.0625,0.6875,0.75,0.4375|
161|0.3125,0.3125,0.5625,0.6875,0.75,0.9375|
162|0.0625,0.3125,0.3125,0.4375,0.75,0.6875|
163|0.5625,0.3125,0.3125,0.9375,0.75,0.6875|
164|0.25,0.1875,0.0625,0.75,0.75,0.5625|
165|0.25,0.1875,0.4375,0.75,0.75,0.9375|
166|0.0625,0.1875,0.25,0.5625,0.75,0.75|
167|0.4375,0.1875,0.25,0.9375,0.75,0.75|
168|0.3125,0.0,0.3125,0.6875,0.375,0.6875|
169|0.25,0.0,0.25,0.75,0.5,0.75|
170|0.25,0.25,0.5,0.75,0.75,1.0|
171|0.25,0.25,0.0,0.75,0.75,0.5|
172|0.5,0.25,0.25,1.0,0.75,0.75|
173|0.0,0.25,0.25,0.5,0.75,0.75|
174|0.1875,0.0,0.1875,0.8125,0.5,0.8125|
175|0.1875,0.25,0.5,0.8125,0.75,1.0|
176|0.1875,0.25,0.0,0.8125,0.75,0.5|
177|0.5,0.25,0.1875,1.0,0.75,0.8125|
178|0.0,0.25,0.1875,0.5,0.75,0.8125|
179|0.125,0.0,0.125,0.875,0.25,0.875;0.25,0.25,0.1875,0.75,0.3125,0.8125;0.375,0.3125,0.25,0.625,1.0,0.75;0.1875,0.625,0.0,0.375,1.0,1.0;0.375,0.625,0.0,0.8125,1.0,0.25;0.375,0.625,0.75,0.8125,1.0,1.0;0.625,0.625,0.25,0.8125,1.0,0.75|
180|0.125,0.0,0.125,0.875,0.25,0.875;0.1875,0.25,0.25,0.8125,0.3125,0.75;0.25,0.3125,0.375,0.75,1.0,0.625;0.0,0.625,0.1875,0.25,1.0,0.8125;0.25,0.625,0.1875,1.0,1.0,0.375;0.25,0.625,0.625,1.0,1.0,0.8125;0.75,0.625,0.375,1.0,1.0,0.625|
181|0.375,0.0,0.375,0.625,0.6875,0.625;0.25,0.25,0.25,0.375,0.6875,0.75;0.375,0.25,0.25,0.75,0.6875,0.375;0.375,0.25,0.625,0.75,0.6875,0.75;0.625,0.25,0.375,0.75,0.6875,0.625;0.0,0.625,0.0,0.25,0.6875,1.0;0.25,0.625,0.0,1.0,0.6875,0.25;0.25,0.625,0.75,1.0,0.6875,1.0;0.75,0.625,0.25,1.0,0.6875,0.75;0.0,0.6875,0.0,0.125,1.0,1.0;0.125,0.6875,0.0,1.0,1.0,0.125;0.125,0.6875,0.875,1.0,1.0,1.0;0.875,0.6875,0.125,1.0,1.0,0.875|
182|0.25,0.25,0.25,0.75,0.6875,0.75;0.375,0.25,0.0,0.625,0.5,0.25;0.0,0.625,0.0,0.25,0.6875,1.0;0.25,0.625,0.0,1.0,0.6875,0.25;0.25,0.625,0.75,1.0,0.6875,1.0;0.75,0.625,0.25,1.0,0.6875,0.75;0.0,0.6875,0.0,0.125,1.0,1.0;0.125,0.6875,0.0,1.0,1.0,0.125;0.125,0.6875,0.875,1.0,1.0,1.0;0.875,0.6875,0.125,1.0,1.0,0.875|
183|0.25,0.25,0.25,0.75,0.6875,0.75;0.375,0.25,0.75,0.625,0.5,1.0;0.0,0.625,0.0,0.25,0.6875,1.0;0.25,0.625,0.0,1.0,0.6875,0.25;0.25,0.625,0.75,1.0,0.6875,1.0;0.75,0.625,0.25,1.0,0.6875,0.75;0.0,0.6875,0.0,0.125,1.0,1.0;0.125,0.6875,0.0,1.0,1.0,0.125;0.125,0.6875,0.875,1.0,1.0,1.0;0.875,0.6875,0.125,1.0,1.0,0.875|
184|0.0,0.25,0.375,0.75,0.5,0.625;0.25,0.25,0.25,0.75,0.6875,0.375;0.25,0.25,0.625,0.75,0.6875,0.75;0.25,0.5,0.375,0.75,0.6875,0.625;0.0,0.625,0.0,0.25,0.6875,1.0;0.25,0.625,0.0,1.0,0.6875,0.25;0.25,0.625,0.75,1.0,0.6875,1.0;0.75,0.625,0.25,1.0,0.6875,0.75;0.0,0.6875,0.0,0.125,1.0,1.0;0.125,0.6875,0.0,1.0,1.0,0.125;0.125,0.6875,0.875,1.0,1.0,1.0;0.875,0.6875,0.125,1.0,1.0,0.875|
185|0.25,0.25,0.25,0.75,0.6875,0.75;0.75,0.25,0.375,1.0,0.5,0.625;0.0,0.625,0.0,0.25,0.6875,1.0;0.25,0.625,0.0,1.0,0.6875,0.25;0.25,0.625,0.75,1.0,0.6875,1.0;0.75,0.625,0.25,1.0,0.6875,0.75;0.0,0.6875,0.0,0.125,1.0,1.0;0.125,0.6875,0.0,1.0,1.0,0.125;0.125,0.6875,0.875,1.0,1.0,1.0;0.875,0.6875,0.125,1.0,1.0,0.875|
186|0.0,0.0,0.0,1.0,0.0625,1.0|DOWN
187|0.375,0.375,0.0,0.625,0.625,1.0|
188|0.0,0.375,0.375,1.0,0.625,0.625|
189|0.375,0.0,0.375,0.625,1.0,0.625|
190|0.1875,0.0,0.1875,0.8125,1.0,0.8125;0.0,0.1875,0.1875,0.1875,0.8125,0.8125;0.1875,0.1875,0.0,0.8125,0.8125,0.1875;0.1875,0.1875,0.8125,0.8125,0.8125,1.0;0.8125,0.1875,0.1875,1.0,0.8125,0.8125|
191|0.1875,0.0,0.1875,0.8125,1.0,0.8125;0.1875,0.1875,0.0,0.8125,0.8125,0.1875;0.1875,0.1875,0.8125,0.8125,0.8125,1.0;0.8125,0.1875,0.1875,1.0,0.8125,0.8125|
192|0.1875,0.0,0.1875,0.8125,0.8125,0.8125;0.0,0.1875,0.1875,0.1875,0.8125,0.8125;0.1875,0.1875,0.0,0.8125,0.8125,0.1875;0.1875,0.1875,0.8125,0.8125,0.8125,1.0;0.8125,0.1875,0.1875,1.0,0.8125,0.8125|
193|0.1875,0.0,0.1875,0.8125,0.8125,0.8125;0.1875,0.1875,0.0,0.8125,0.8125,0.1875;0.1875,0.1875,0.8125,0.8125,0.8125,1.0;0.8125,0.1875,0.1875,1.0,0.8125,0.8125|
194|0.1875,0.0,0.1875,0.8125,1.0,0.8125;0.0,0.1875,0.1875,0.1875,0.8125,0.8125;0.1875,0.1875,0.0,0.8125,0.8125,0.1875;0.8125,0.1875,0.1875,1.0,0.8125,0.8125|
195|0.1875,0.0,0.1875,0.8125,1.0,0.8125;0.1875,0.1875,0.0,0.8125,0.8125,0.1875;0.8125,0.1875,0.1875,1.0,0.8125,0.8125|
196|0.1875,0.0,0.1875,0.8125,0.8125,0.8125;0.0,0.1875,0.1875,0.1875,0.8125,0.8125;0.1875,0.1875,0.0,0.8125,0.8125,0.1875;0.8125,0.1875,0.1875,1.0,0.8125,0.8125|
197|0.1875,0.0,0.1875,0.8125,0.8125,0.8125;0.1875,0.1875,0.0,0.8125,0.8125,0.1875;0.8125,0.1875,0.1875,1.0,0.8125,0.8125|
198|0.1875,0.0,0.1875,0.8125,1.0,0.8125;0.0,0.1875,0.1875,0.1875,0.8125,0.8125;0.1875,0.1875,0.8125,0.8125,0.8125,1.0;0.8125,0.1875,0.1875,1.0,0.8125,0.8125|
199|0.1875,0.0,0.1875,0.8125,1.0,0.8125;0.1875,0.1875,0.8125,0.8125,0.8125,1.0;0.8125,0.1875,0.1875,1.0,0.8125,0.8125|
200|0.1875,0.0,0.1875,0.8125,0.8125,0.8125;0.0,0.1875,0.1875,0.1875,0.8125,0.8125;0.1875,0.1875,0.8125,0.8125,0.8125,1.0;0.8125,0.1875,0.1875,1.0,0.8125,0.8125|
201|0.1875,0.0,0.1875,0.8125,0.8125,0.8125;0.1875,0.1875,0.8125,0.8125,0.8125,1.0;0.8125,0.1875,0.1875,1.0,0.8125,0.8125|
202|0.1875,0.0,0.1875,0.8125,1.0,0.8125;0.0,0.1875,0.1875,0.1875,0.8125,0.8125;0.8125,0.1875,0.1875,1.0,0.8125,0.8125|
203|0.1875,0.0,0.1875,0.8125,1.0,0.8125;0.8125,0.1875,0.1875,1.0,0.8125,0.8125|
204|0.1875,0.0,0.1875,0.8125,0.8125,0.8125;0.0,0.1875,0.1875,0.1875,0.8125,0.8125;0.8125,0.1875,0.1875,1.0,0.8125,0.8125|
205|0.1875,0.0,0.1875,0.8125,0.8125,0.8125;0.8125,0.1875,0.1875,1.0,0.8125,0.8125|
206|0.1875,0.0,0.1875,0.8125,1.0,0.8125;0.0,0.1875,0.1875,0.1875,0.8125,0.8125;0.1875,0.1875,0.0,0.8125,0.8125,0.1875;0.1875,0.1875,0.8125,0.8125,0.8125,1.0|
207|0.1875,0.0,0.1875,0.8125,1.0,0.8125;0.1875,0.1875,0.0,0.8125,0.8125,0.1875;0.1875,0.1875,0.8125,0.8125,0.8125,1.0|
208|0.1875,0.0,0.1875,0.8125,0.8125,0.8125;0.0,0.1875,0.1875,0.1875,0.8125,0.8125;0.1875,0.1875,0.0,0.8125,0.8125,0.1875;0.1875,0.1875,0.8125,0.8125,0.8125,1.0|
209|0.1875,0.0,0.1875,0.8125,0.8125,0.8125;0.1875,0.1875,0.0,0.8125,0.8125,0.1875;0.1875,0.1875,0.8125,0.8125,0.8125,1.0|
210|0.1875,0.0,0.1875,0.8125,1.0,0.8125;0.0,0.1875,0.1875,0.1875,0.8125,0.8125;0.1875,0.1875,0.0,0.8125,0.8125,0.1875|
211|0.1875,0.0,0.1875,0.8125,1.0,0.8125;0.1875,0.1875,0.0,0.8125,0.8125,0.1875|
212|0.1875,0.0,0.1875,0.8125,0.8125,0.8125;0.0,0.1875,0.1875,0.1875,0.8125,0.8125;0.1875,0.1875,0.0,0.8125,0.8125,0.1875|
213|0.1875,0.0,0.1875,0.8125,0.8125,0.8125;0.1875,0.1875,0.0,0.8125,0.8125,0.1875|
214|0.1875,0.0,0.1875,0.8125,1.0,0.8125;0.0,0.1875,0.1875,0.1875,0.8125,0.8125;0.1875,0.1875,0.8125,0.8125,0.8125,1.0|
215|0.1875,0.0,0.1875,0.8125,1.0,0.8125;0.1875,0.1875,0.8125,0.8125,0.8125,1.0|
216|0.1875,0.0,0.1875,0.8125,0.8125,0.8125;0.0,0.1875,0.1875,0.1875,0.8125,0.8125;0.1875,0.1875,0.8125,0.8125,0.8125,1.0|
217|0.1875,0.0,0.1875,0.8125,0.8125,0.8125;0.1875,0.1875,0.8125,0.8125,0.8125,1.0|
218|0.1875,0.0,0.1875,0.8125,1.0,0.8125;0.0,0.1875,0.1875,0.1875,0.8125,0.8125|
219|0.1875,0.0,0.1875,0.8125,0.8125,0.8125;0.0,0.1875,0.1875,0.1875,0.8125,0.8125|
220|0.1875,0.0,0.1875,0.8125,0.8125,0.8125|
221|0.0,0.1875,0.1875,1.0,0.8125,0.8125;0.1875,0.1875,0.0,0.8125,0.8125,0.1875;0.1875,0.1875,0.8125,0.8125,0.8125,1.0;0.1875,0.8125,0.1875,0.8125,1.0,0.8125|
222|0.1875,0.1875,0.0,0.8125,0.8125,1.0;0.8125,0.1875,0.1875,1.0,0.8125,0.8125;0.1875,0.8125,0.1875,0.8125,1.0,0.8125|
223|0.0,0.1875,0.1875,1.0,0.8125,0.8125;0.1875,0.1875,0.0,0.8125,0.8125,0.1875;0.1875,0.1875,0.8125,0.8125,0.8125,1.0|
224|0.1875,0.1875,0.0,0.8125,0.8125,1.0;0.8125,0.1875,0.1875,1.0,0.8125,0.8125|
225|0.0,0.1875,0.1875,1.0,0.8125,0.8125;0.1875,0.1875,0.0,0.8125,0.8125,0.1875;0.1875,0.8125,0.1875,0.8125,1.0,0.8125|
226|0.1875,0.1875,0.0,0.8125,0.8125,0.8125;0.8125,0.1875,0.1875,1.0,0.8125,0.8125;0.1875,0.8125,0.1875,0.8125,1.0,0.8125|
227|0.0,0.1875,0.1875,1.0,0.8125,0.8125;0.1875,0.1875,0.0,0.8125,0.8125,0.1875|
228|0.1875,0.1875,0.0,0.8125,0.8125,0.8125;0.8125,0.1875,0.1875,1.0,0.8125,0.8125|
229|0.0,0.1875,0.1875,1.0,0.8125,0.8125;0.1875,0.1875,0.8125,0.8125,0.8125,1.0;0.1875,0.8125,0.1875,0.8125,1.0,0.8125|
230|0.1875,0.1875,0.1875,0.8125,0.8125,1.0;0.8125,0.1875,0.1875,1.0,0.8125,0.8125;0.1875,0.8125,0.1875,0.8125,1.0,0.8125|
231|0.0,0.1875,0.1875,1.0,0.8125,0.8125;0.1875,0.1875,0.8125,0.8125,0.8125,1.0|
232|0.1875,0.1875,0.1875,0.8125,0.8125,1.0;0.8125,0.1875,0.1875,1.0,0.8125,0.8125|
233|0.0,0.1875,0.1875,1.0,0.8125,0.8125;0.1875,0.8125,0.1875,0.8125,1.0,0.8125|
234|0.1875,0.1875,0.1875,1.0,0.8125,0.8125;0.1875,0.8125,0.1875,0.8125,1.0,0.8125|
235|0.0,0.1875,0.1875,1.0,0.8125,0.8125|
236|0.1875,0.1875,0.1875,1.0,0.8125,0.8125|
237|0.0,0.1875,0.1875,0.8125,0.8125,0.8125;0.1875,0.1875,0.0,0.8125,0.8125,0.1875;0.1875,0.1875,0.8125,0.8125,0.8125,1.0;0.1875,0.8125,0.1875,0.8125,1.0,0.8125|
238|0.1875,0.1875,0.0,0.8125,0.8125,1.0;0.1875,0.8125,0.1875,0.8125,1.0,0.8125|
239|0.0,0.1875,0.1875,0.8125,0.8125,0.8125;0.1875,0.1875,0.0,0.8125,0.8125,0.1875;0.1875,0.1875,0.8125,0.8125,0.8125,1.0|
240|0.1875,0.1875,0.0,0.8125,0.8125,1.0|
241|0.0,0.1875,0.1875,0.8125,0.8125,0.8125;0.1875,0.1875,0.0,0.8125,0.8125,0.1875;0.1875,0.8125,0.1875,0.8125,1.0,0.8125|
242|0.1875,0.1875,0.0,0.8125,0.8125,0.8125;0.1875,0.8125,0.1875,0.8125,1.0,0.8125|
243|0.0,0.1875,0.1875,0.8125,0.8125,0.8125;0.1875,0.1875,0.0,0.8125,0.8125,0.1875|
244|0.1875,0.1875,0.0,0.8125,0.8125,0.8125|
245|0.0,0.1875,0.1875,0.8125,0.8125,0.8125;0.1875,0.1875,0.8125,0.8125,0.8125,1.0;0.1875,0.8125,0.1875,0.8125,1.0,0.8125|
246|0.1875,0.1875,0.1875,0.8125,0.8125,1.0;0.1875,0.8125,0.1875,0.8125,1.0,0.8125|
247|0.0,0.1875,0.1875,0.8125,0.8125,0.8125;0.1875,0.1875,0.8125,0.8125,0.8125,1.0|
248|0.1875,0.1875,0.1875,0.8125,0.8125,1.0|
249|0.0,0.1875,0.1875,0.8125,0.8125,0.8125;0.1875,0.8125,0.1875,0.8125,1.0,0.8125|
250|0.1875,0.1875,0.1875,0.8125,1.0,0.8125|
251|0.0,0.1875,0.1875,0.8125,0.8125,0.8125|
252|0.1875,0.1875,0.1875,0.8125,0.8125,0.8125|
253|0.3125,-0.0625,0.3125,0.6875,0.1875,0.6875|
254|0.1875,-0.0625,0.1875,0.8125,0.3125,0.8125|
255|0.1875,0.0,0.1875,0.75,0.4375,0.75|
256|0.0625,0.0,0.0625,0.9375,0.4375,0.9375|
257|0.0625,0.0,0.125,0.9375,1.0,0.875|
258|0.375,0.0,0.375,0.625,0.375,0.625|
259|0.1875,0.0,0.1875,0.8125,0.375,0.8125|
260|0.125,0.0,0.125,0.875,0.375,0.875|
261|0.125,0.0,0.125,0.875,0.4375,0.875|
262|0.3125,0.3125,0.3125,0.6875,0.6875,0.6875|
263|0.0,0.0,0.0,0.125,1.0,0.125;0.0,0.0,0.875,0.125,1.0,1.0;0.875,0.0,0.0,1.0,1.0,0.125;0.875,0.0,0.875,1.0,1.0,1.0;0.0,0.875,0.125,1.0,1.0,0.875;0.125,0.875,0.0,0.875,1.0,0.125;0.125,0.875,0.875,0.875,1.0,1.0|UP
264|0.125,0.0,0.375,0.25,0.8125,0.625;0.75,0.0,0.375,0.875,0.8125,0.625;0.25,0.25,0.125,0.75,1.0,0.875;0.125,0.4375,0.3125,0.25,0.8125,0.375;0.125,0.4375,0.625,0.25,0.8125,0.6875;0.75,0.4375,0.3125,0.875,0.8125,0.375;0.75,0.4375,0.625,0.875,0.8125,0.6875|
265|0.375,0.0,0.125,0.625,0.8125,0.25;0.375,0.0,0.75,0.625,0.8125,0.875;0.125,0.25,0.25,0.875,1.0,0.75;0.3125,0.4375,0.125,0.375,0.8125,0.25;0.3125,0.4375,0.75,0.375,0.8125,0.875;0.625,0.4375,0.125,0.6875,0.8125,0.25;0.625,0.4375,0.75,0.6875,0.8125,0.875|
266|0.25,0.125,0.0,0.75,0.875,0.75;0.125,0.3125,0.1875,0.25,0.6875,0.5625;0.75,0.3125,0.1875,0.875,0.6875,0.5625;0.125,0.375,0.5625,0.25,0.625,1.0;0.75,0.375,0.5625,0.875,0.625,1.0|
267|0.25,0.125,0.25,0.75,0.875,1.0;0.125,0.3125,0.4375,0.25,0.6875,0.8125;0.75,0.3125,0.4375,0.875,0.6875,0.8125;0.125,0.375,0.0,0.25,0.625,0.4375;0.75,0.375,0.0,0.875,0.625,0.4375|
268|0.0,0.125,0.25,0.75,0.875,0.75;0.1875,0.3125,0.125,0.5625,0.6875,0.25;0.1875,0.3125,0.75,0.5625,0.6875,0.875;0.5625,0.375,0.125,1.0,0.625,0.25;0.5625,0.375,0.75,1.0,0.625,0.875|
269|0.25,0.125,0.25,1.0,0.875,0.75;0.4375,0.3125,0.125,0.8125,0.6875,0.25;0.4375,0.3125,0.75,0.8125,0.6875,0.875;0.0,0.375,0.125,0.4375,0.625,0.25;0.0,0.375,0.75,0.4375,0.625,0.875|
270|0.25,0.0,0.125,0.75,0.75,0.875;0.125,0.1875,0.3125,0.25,0.5625,0.6875;0.75,0.1875,0.3125,0.875,0.5625,0.6875;0.125,0.5625,0.375,0.25,1.0,0.625;0.75,0.5625,0.375,0.875,1.0,0.625|
271|0.125,0.0,0.25,0.875,0.75,0.75;0.3125,0.1875,0.125,0.6875,0.5625,0.25;0.3125,0.1875,0.75,0.6875,0.5625,0.875;0.375,0.5625,0.125,0.625,1.0,0.25;0.375,0.5625,0.75,0.625,1.0,0.875|
272|0.0,0.0,0.0,1.0,0.125,1.0;0.25,0.125,0.25,0.75,0.875,0.75|DOWN
273|0.0,0.0,0.0,1.0,0.5625,1.0|DOWN
274|0.0,0.0,0.25,1.0,1.0,0.75|
275|0.25,0.0,0.0,0.75,1.0,1.0|
276|0.25,0.25,0.25,0.75,0.375,0.75;0.3125,0.375,0.3125,0.6875,0.8125,0.6875;0.4375,0.8125,0.4375,0.5625,1.0,0.5625|
277|0.25,0.25,0.25,0.75,0.375,0.75;0.3125,0.375,0.3125,0.6875,0.8125,0.6875;0.4375,0.8125,0.0,0.5625,0.9375,0.8125|
278|0.25,0.25,0.25,0.75,0.375,0.75;0.3125,0.375,0.3125,0.6875,0.8125,0.6875;0.4375,0.8125,0.1875,0.5625,0.9375,1.0|
279|0.25,0.25,0.25,0.75,0.375,0.75;0.3125,0.375,0.3125,0.6875,0.8125,0.6875;0.0,0.8125,0.4375,0.8125,0.9375,0.5625|
280|0.25,0.25,0.25,0.75,0.375,0.75;0.3125,0.375,0.3125,0.6875,0.8125,0.6875;0.1875,0.8125,0.4375,1.0,0.9375,0.5625|
281|0.25,0.25,0.25,0.75,0.375,0.75;0.3125,0.375,0.3125,0.6875,0.8125,0.6875;0.4375,0.8125,0.0,0.5625,0.9375,1.0|
282|0.25,0.25,0.25,0.75,0.375,0.75;0.3125,0.375,0.3125,0.6875,0.8125,0.6875;0.0,0.8125,0.4375,1.0,0.9375,0.5625|
283|0.3125,0.0625,0.3125,0.6875,0.5,0.6875;0.375,0.5,0.375,0.625,0.625,0.625|
284|0.3125,0.0,0.3125,0.6875,0.4375,0.6875;0.375,0.4375,0.375,0.625,0.5625,0.625|
285|0.0,0.0,0.0,1.0,0.4375,1.0|DOWN
286|0.0,0.0,0.0,1.0,0.125,1.0;0.0,0.125,0.0,0.125,1.0,1.0;0.125,0.125,0.0,1.0,1.0,0.125;0.125,0.125,0.875,1.0,1.0,1.0;0.875,0.125,0.125,1.0,1.0,0.875|DOWN,NORTH,SOUTH,WEST,EAST
287|0.4375,0.0,0.4375,0.5625,0.375,0.5625|
288|0.3125,0.0,0.375,0.6875,0.375,0.5625|
289|0.3125,0.0,0.375,0.625,0.375,0.6875|
290|0.3125,0.0,0.3125,0.6875,0.375,0.625|
291|0.0625,0.0,0.0625,0.9375,0.5,0.9375;0.4375,0.5,0.4375,0.5625,0.875,0.5625|
292|0.1875,0.1875,0.5625,0.8125,0.8125,1.0|
293|0.0,0.1875,0.1875,0.4375,0.8125,0.8125|
294|0.1875,0.1875,0.0,0.8125,0.8125,0.4375|
295|0.5625,0.1875,0.1875,1.0,0.8125,0.8125|
296|0.1875,0.0,0.1875,0.8125,0.4375,0.8125|
297|0.1875,0.5625,0.1875,0.8125,1.0,0.8125|
298|0.1875,0.1875,0.6875,0.8125,0.8125,1.0|
299|0.0,0.1875,0.1875,0.3125,0.8125,0.8125|
300|0.1875,0.1875,0.0,0.8125,0.8125,0.3125|
301|0.6875,0.1875,0.1875,1.0,0.8125,0.8125|
302|0.1875,0.0,0.1875,0.8125,0.3125,0.8125|
303|0.1875,0.6875,0.1875,0.8125,1.0,0.8125|
304|0.1875,0.1875,0.75,0.8125,0.8125,1.0|
305|0.0,0.1875,0.1875,0.25,0.8125,0.8125|
306|0.1875,0.1875,0.0,0.8125,0.8125,0.25|
307|0.75,0.1875,0.1875,1.0,0.8125,0.8125|
308|0.1875,0.0,0.1875,0.8125,0.25,0.8125|
309|0.1875,0.75,0.1875,0.8125,1.0,0.8125|
310|0.25,0.25,0.8125,0.75,0.75,1.0|
311|0.0,0.25,0.25,0.1875,0.75,0.75|
312|0.25,0.25,0.0,0.75,0.75,0.1875|
313|0.8125,0.25,0.25,1.0,0.75,0.75|
314|0.25,0.0,0.25,0.75,0.1875,0.75|
315|0.25,0.8125,0.25,0.75,1.0,0.75|
316|0.3125,0.0,0.3125,0.6875,1.0,0.6875|
317|0.3125,0.0,0.3125,0.6875,0.6875,0.6875|
318|0.3125,0.3125,0.3125,0.6875,1.0,0.6875|
319|0.25,0.0,0.25,0.75,1.0,0.75|
320|0.125,0.0,0.125,0.875,1.0,0.875|
321|0.375,0.0,0.375,0.625,1.0,0.625;0.0,0.5,0.0,0.375,1.0,1.0;0.375,0.5,0.0,1.0,1.0,0.375;0.375,0.5,0.625,1.0,1.0,1.0;0.625,0.5,0.375,1.0,1.0,0.625|UP
322|0.0,0.6875,0.0,1.0,0.9375,1.0|
323|0.0,0.6875,0.0,1.0,0.8125,1.0|
