air|0
stone|1
granite|1
polished_granite|1
diorite|1
polished_diorite|1
andesite|1
polished_andesite|1
grass_block|1
dirt|1
coarse_dirt|1
podzol|1
cobblestone|1
oak_planks|1
spruce_planks|1
birch_planks|1
jungle_planks|1
acacia_planks|1
cherry_planks|1
dark_oak_planks|1
mangrove_planks|1
bamboo_planks|1
bamboo_mosaic|1
oak_sapling|0
spruce_sapling|0
birch_sapling|0
jungle_sapling|0
acacia_sapling|0
cherry_sapling|0
dark_oak_sapling|0
mangrove_propagule|0
bedrock|1
water|0
lava|0
sand|1
suspicious_sand|1
red_sand|1
gravel|1
suspicious_gravel|1
gold_ore|1
deepslate_gold_ore|1
iron_ore|1
deepslate_iron_ore|1
coal_ore|1
deepslate_coal_ore|1
nether_gold_ore|1
oak_log|1
spruce_log|1
birch_log|1
jungle_log|1
acacia_log|1
cherry_log|1
dark_oak_log|1
mangrove_log|1
mangrove_roots|1
muddy_mangrove_roots|1
bamboo_block|1
stripped_spruce_log|1
stripped_birch_log|1
stripped_jungle_log|1
stripped_acacia_log|1
stripped_cherry_log|1
stripped_dark_oak_log|1
stripped_oak_log|1
stripped_mangrove_log|1
stripped_bamboo_block|1
oak_wood|1
spruce_wood|1
birch_wood|1
jungle_wood|1
acacia_wood|1
cherry_wood|1
dark_oak_wood|1
mangrove_wood|1
stripped_oak_wood|1
stripped_spruce_wood|1
stripped_birch_wood|1
stripped_jungle_wood|1
stripped_acacia_wood|1
stripped_cherry_wood|1
stripped_dark_oak_wood|1
stripped_mangrove_wood|1
oak_leaves|1
spruce_leaves|1
birch_leaves|1
jungle_leaves|1
acacia_leaves|1
cherry_leaves|1
dark_oak_leaves|1
mangrove_leaves|1
azalea_leaves|1
flowering_azalea_leaves|1
sponge|1
wet_sponge|1
glass|1
lapis_ore|1
deepslate_lapis_ore|1
lapis_block|1
dispenser|1
sandstone|1
chiseled_sandstone|1
cut_sandstone|1
note_block|1
white_bed|2,3,2,3,3,2,3,2,4,5,4,5,5,4,5,4
orange_bed|2,3,2,3,3,2,3,2,4,5,4,5,5,4,5,4
magenta_bed|2,3,2,3,3,2,3,2,4,5,4,5,5,4,5,4
light_blue_bed|2,3,2,3,3,2,3,2,4,5,4,5,5,4,5,4
yellow_bed|2,3,2,3,3,2,3,2,4,5,4,5,5,4,5,4
lime_bed|2,3,2,3,3,2,3,2,4,5,4,5,5,4,5,4
pink_bed|2,3,2,3,3,2,3,2,4,5,4,5,5,4,5,4
gray_bed|2,3,2,3,3,2,3,2,4,5,4,5,5,4,5,4
light_gray_bed|2,3,2,3,3,2,3,2,4,5,4,5,5,4,5,4
cyan_bed|2,3,2,3,3,2,3,2,4,5,4,5,5,4,5,4
purple_bed|2,3,2,3,3,2,3,2,4,5,4,5,5,4,5,4
blue_bed|2,3,2,3,3,2,3,2,4,5,4,5,5,4,5,4
brown_bed|2,3,2,3,3,2,3,2,4,5,4,5,5,4,5,4
green_bed|2,3,2,3,3,2,3,2,4,5,4,5,5,4,5,4
red_bed|2,3,2,3,3,2,3,2,4,5,4,5,5,4,5,4
black_bed|2,3,2,3,3,2,3,2,4,5,4,5,5,4,5,4
powered_rail|0
detector_rail|0
sticky_piston|6,7,8,9,10,11,1,1,1,1,1,1
cobweb|0
short_grass|0
fern|0
dead_bush|0
seagrass|0
tall_seagrass|0
piston|6,7,8,9,10,11,1,1,1,1,1,1
piston_head|12,12,13,13,14,14,15,15,16,16,17,17,18,18,19,19,20,20,21,21,22,22,23,23
white_wool|1
orange_wool|1
magenta_wool|1
light_blue_wool|1
yellow_wool|1
lime_wool|1
pink_wool|1
gray_wool|1
light_gray_wool|1
cyan_wool|1
purple_wool|1
blue_wool|1
brown_wool|1
green_wool|1
red_wool|1
black_wool|1
moving_piston|0
dandelion|0
torchflower|0
poppy|0
blue_orchid|0
allium|0
azure_bluet|0
red_tulip|0
orange_tulip|0
white_tulip|0
pink_tulip|0
oxeye_daisy|0
cornflower|0
wither_rose|0
lily_of_the_valley|0
brown_mushroom|0
red_mushroom|0
gold_block|1
iron_block|1
bricks|1
tnt|1
bookshelf|1
chiseled_bookshelf|1
mossy_cobblestone|1
obsidian|1
torch|0
wall_torch|0
fire|0
soul_fire|0
spawner|1
oak_stairs|24,24,25,25,26,26,27,27,28,28,29,29,30,30,31,31,32,32,33,33,34,34,35,35,36,36,37,37,38,38,39,39,40,40,41,41,42,42,43,43,44,44,36,36,25,25,38,38,27,27,45,45,41,41,30,30,43,43,32,32,46,46,26,26,35,35,28,28,37,37,47,47,31,31,40,40,33,33,42,42
chest|48,48,49,49,50,50,48,48,50,50,49,49,48,48,51,51,52,52,48,48,52,52,51,51
redstone_wire|0
diamond_ore|1
deepslate_diamond_ore|1
diamond_block|1
crafting_table|1
wheat|0
farmland|53
furnace|1
oak_sign|0
spruce_sign|0
birch_sign|0
acacia_sign|0
cherry_sign|0
jungle_sign|0
dark_oak_sign|0
mangrove_sign|0
bamboo_sign|0
oak_door|54,54,55,55,56,56,55,55,54,54,55,55,56,56,55,55,56,56,57,57,54,54,57,57,56,56,57,57,54,54,57,57,55,55,56,56,57,57,56,56,55,55,56,56,57,57,56,56,57,57,54,54,55,55,54,54,57,57,54,54,55,55,54,54
ladder|55,55,57,57,56,56,54,54
rail|0
cobblestone_stairs|24,24,25,25,26,26,27,27,28,28,29,29,30,30,31,31,32,32,33,33,34,34,35,35,36,36,37,37,38,38,39,39,40,40,41,41,42,42,43,43,44,44,36,36,25,25,38,38,27,27,45,45,41,41,30,30,43,43,32,32,46,46,26,26,35,35,28,28,37,37,47,47,31,31,40,40,33,33,42,42
oak_wall_sign|0
spruce_wall_sign|0
birch_wall_sign|0
acacia_wall_sign|0
cherry_wall_sign|0
jungle_wall_sign|0
dark_oak_wall_sign|0
mangrove_wall_sign|0
bamboo_wall_sign|0
oak_hanging_sign|0
spruce_hanging_sign|0
birch_hanging_sign|0
acacia_hanging_sign|0
cherry_hanging_sign|0
jungle_hanging_sign|0
dark_oak_hanging_sign|0
crimson_hanging_sign|0
warped_hanging_sign|0
mangrove_hanging_sign|0
bamboo_hanging_sign|0
oak_wall_hanging_sign|58,58,58,58,59,59,59,59
spruce_wall_hanging_sign|58,58,58,58,59,59,59,59
birch_wall_hanging_sign|58,58,58,58,59,59,59,59
acacia_wall_hanging_sign|58,58,58,58,59,59,59,59
cherry_wall_hanging_sign|58,58,58,58,59,59,59,59
jungle_wall_hanging_sign|58,58,58,58,59,59,59,59
dark_oak_wall_hanging_sign|58,58,58,58,59,59,59,59
mangrove_wall_hanging_sign|58,58,58,58,59,59,59,59
crimson_wall_hanging_sign|58,58,58,58,59,59,59,59
warped_wall_hanging_sign|58,58,58,58,59,59,59,59
bamboo_wall_hanging_sign|58,58,58,58,59,59,59,59
lever|0
stone_pressure_plate|0
iron_door|54,54,55,55,56,56,55,55,54,54,55,55,56,56,55,55,56,56,57,57,54,54,57,57,56,56,57,57,54,54,57,57,55,55,56,56,57,57,56,56,55,55,56,56,57,57,56,56,57,57,54,54,55,55,54,54,57,57,54,54,55,55,54,54
oak_pressure_plate|0
spruce_pressure_plate|0
birch_pressure_plate|0
jungle_pressure_plate|0
acacia_pressure_plate|0
cherry_pressure_plate|0
dark_oak_pressure_plate|0
mangrove_pressure_plate|0
bamboo_pressure_plate|0
redstone_ore|1
deepslate_redstone_ore|1
redstone_torch|0
redstone_wall_torch|0
stone_button|0
snow|0,60,61,62,63,64,10,65
ice|1
snow_block|1
cactus|66
clay|1
sugar_cane|0
jukebox|1
oak_fence|67,68,67,68,69,70,69,70,71,72,71,72,73,74,73,74,75,76,75,76,77,78,77,78,79,80,79,80,81,82,81,82
netherrack|1
soul_sand|65
soul_soil|1
basalt|1
polished_basalt|1
soul_torch|0
soul_wall_torch|0
glowstone|1
nether_portal|0
carved_pumpkin|1
jack_o_lantern|1
cake|83,84,85,86,87,88,89
repeater|60
white_stained_glass|1
orange_stained_glass|1
magenta_stained_glass|1
light_blue_stained_glass|1
yellow_stained_glass|1
lime_stained_glass|1
pink_stained_glass|1
gray_stained_glass|1
light_gray_stained_glass|1
cyan_stained_glass|1
purple_stained_glass|1
blue_stained_glass|1
brown_stained_glass|1
green_stained_glass|1
red_stained_glass|1
black_stained_glass|1
oak_trapdoor|55,55,55,55,90,90,90,90,55,55,55,55,91,91,91,91,57,57,57,57,90,90,90,90,57,57,57,57,91,91,91,91,56,56,56,56,90,90,90,90,56,56,56,56,91,91,91,91,54,54,54,54,90,90,90,90,54,54,54,54,91,91,91,91
spruce_trapdoor|55,55,55,55,90,90,90,90,55,55,55,55,91,91,91,91,57,57,57,57,90,90,90,90,57,57,57,57,91,91,91,91,56,56,56,56,90,90,90,90,56,56,56,56,91,91,91,91,54,54,54,54,90,90,90,90,54,54,54,54,91,91,91,91
birch_trapdoor|55,55,55,55,90,90,90,90,55,55,55,55,91,91,91,91,57,57,57,57,90,90,90,90,57,57,57,57,91,91,91,91,56,56,56,56,90,90,90,90,56,56,56,56,91,91,91,91,54,54,54,54,90,90,90,90,54,54,54,54,91,91,91,91
jungle_trapdoor|55,55,55,55,90,90,90,90,55,55,55,55,91,91,91,91,57,57,57,57,90,90,90,90,57,57,57,57,91,91,91,91,56,56,56,56,90,90,90,90,56,56,56,56,91,91,91,91,54,54,54,54,90,90,90,90,54,54,54,54,91,91,91,91
acacia_trapdoor|55,55,55,55,90,90,90,90,55,55,55,55,91,91,91,91,57,57,57,57,90,90,90,90,57,57,57,57,91,91,91,91,56,56,56,56,90,90,90,90,56,56,56,56,91,91,91,91,54,54,54,54,90,90,90,90,54,54,54,54,91,91,91,91
cherry_trapdoor|55,55,55,55,90,90,90,90,55,55,55,55,91,91,91,91,57,57,57,57,90,90,90,90,57,57,57,57,91,91,91,91,56,56,56,56,90,90,90,90,56,56,56,56,91,91,91,91,54,54,54,54,90,90,90,90,54,54,54,54,91,91,91,91
dark_oak_trapdoor|55,55,55,55,90,90,90,90,55,55,55,55,91,91,91,91,57,57,57,57,90,90,90,90,57,57,57,57,91,91,91,91,56,56,56,56,90,90,90,90,56,56,56,56,91,91,91,91,54,54,54,54,90,90,90,90,54,54,54,54,91,91,91,91
mangrove_trapdoor|55,55,55,55,90,90,90,90,55,55,55,55,91,91,91,91,57,57,57,57,90,90,90,90,57,57,57,57,91,91,91,91,56,56,56,56,90,90,90,90,56,56,56,56,91,91,91,91,54,54,54,54,90,90,90,90,54,54,54,54,91,91,91,91
bamboo_trapdoor|55,55,55,55,90,90,90,90,55,55,55,55,91,91,91,91,57,57,57,57,90,90,90,90,57,57,57,57,91,91,91,91,56,56,56,56,90,90,90,90,56,56,56,56,91,91,91,91,54,54,54,54,90,90,90,90,54,54,54,54,91,91,91,91
stone_bricks|1
mossy_stone_bricks|1
cracked_stone_bricks|1
chiseled_stone_bricks|1
packed_mud|1
mud_bricks|1
infested_stone|1
infested_cobblestone|1
infested_stone_bricks|1
infested_mossy_stone_bricks|1
infested_cracked_stone_bricks|1
infested_chiseled_stone_bricks|1
brown_mushroom_block|1
red_mushroom_block|1
mushroom_stem|1
iron_bars|92,93,92,93,94,95,94,95,96,97,96,97,98,99,98,99,100,101,100,101,102,103,102,103,104,105,104,105,106,107,106,107
chain|108,108,109,109,110,110
glass_pane|92,93,92,93,94,95,94,95,96,97,96,97,98,99,98,99,100,101,100,101,102,103,102,103,104,105,104,105,106,107,106,107
pumpkin|1
melon|1
attached_pumpkin_stem|0
attached_melon_stem|0
pumpkin_stem|0
melon_stem|0
vine|0
glow_lichen|0
oak_fence_gate|0,0,73,73,0,0,73,73,0,0,73,73,0,0,73,73,0,0,76,76,0,0,76,76,0,0,76,76,0,0,76,76
brick_stairs|24,24,25,25,26,26,27,27,28,28,29,29,30,30,31,31,32,32,33,33,34,34,35,35,36,36,37,37,38,38,39,39,40,40,41,41,42,42,43,43,44,44,36,36,25,25,38,38,27,27,45,45,41,41,30,30,43,43,32,32,46,46,26,26,35,35,28,28,37,37,47,47,31,31,40,40,33,33,42,42
stone_brick_stairs|24,24,25,25,26,26,27,27,28,28,29,29,30,30,31,31,32,32,33,33,34,34,35,35,36,36,37,37,38,38,39,39,40,40,41,41,42,42,43,43,44,44,36,36,25,25,38,38,27,27,45,45,41,41,30,30,43,43,32,32,46,46,26,26,35,35,28,28,37,37,47,47,31,31,40,40,33,33,42,42
mud_brick_stairs|24,24,25,25,26,26,27,27,28,28,29,29,30,30,31,31,32,32,33,33,34,34,35,35,36,36,37,37,38,38,39,39,40,40,41,41,42,42,43,43,44,44,36,36,25,25,38,38,27,27,45,45,41,41,30,30,43,43,32,32,46,46,26,26,35,35,28,28,37,37,47,47,31,31,40,40,33,33,42,42
mycelium|1
lily_pad|111
nether_bricks|1
nether_brick_fence|67,68,67,68,69,70,69,70,71,72,71,72,73,74,73,74,75,76,75,76,77,78,77,78,79,80,79,80,81,82,81,82
nether_brick_stairs|24,24,25,25,26,26,27,27,28,28,29,29,30,30,31,31,32,32,33,33,34,34,35,35,36,36,37,37,38,38,39,39,40,40,41,41,42,42,43,43,44,44,36,36,25,25,38,38,27,27,45,45,41,41,30,30,43,43,32,32,46,46,26,26,35,35,28,28,37,37,47,47,31,31,40,40,33,33,42,42
nether_wart|0
enchanting_table|10
brewing_stand|112
cauldron|113
water_cauldron|113
lava_cauldron|113
powder_snow_cauldron|113
end_portal|0
end_portal_frame|114,114,114,114,115,115,115,115
end_stone|1
dragon_egg|116
redstone_lamp|1
cocoa|117,118,119,120,121,122,123,124,125,126,127,128
sandstone_stairs|24,24,25,25,26,26,27,27,28,28,29,29,30,30,31,31,32,32,33,33,34,34,35,35,36,36,37,37,38,38,39,39,40,40,41,41,42,42,43,43,44,44,36,36,25,25,38,38,27,27,45,45,41,41,30,30,43,43,32,32,46,46,26,26,35,35,28,28,37,37,47,47,31,31,40,40,33,33,42,42
emerald_ore|1
deepslate_emerald_ore|1
ender_chest|48
tripwire_hook|0
tripwire|0
emerald_block|1
spruce_stairs|24,24,25,25,26,26,27,27,28,28,29,29,30,30,31,31,32,32,33,33,34,34,35,35,36,36,37,37,38,38,39,39,40,40,41,41,42,42,43,43,44,44,36,36,25,25,38,38,27,27,45,45,41,41,30,30,43,43,32,32,46,46,26,26,35,35,28,28,37,37,47,47,31,31,40,40,33,33,42,42
birch_stairs|24,24,25,25,26,26,27,27,28,28,29,29,30,30,31,31,32,32,33,33,34,34,35,35,36,36,37,37,38,38,39,39,40,40,41,41,42,42,43,43,44,44,36,36,25,25,38,38,27,27,45,45,41,41,30,30,43,43,32,32,46,46,26,26,35,35,28,28,37,37,47,47,31,31,40,40,33,33,42,42
jungle_stairs|24,24,25,25,26,26,27,27,28,28,29,29,30,30,31,31,32,32,33,33,34,34,35,35,36,36,37,37,38,38,39,39,40,40,41,41,42,42,43,43,44,44,36,36,25,25,38,38,27,27,45,45,41,41,30,30,43,43,32,32,46,46,26,26,35,35,28,28,37,37,47,47,31,31,40,40,33,33,42,42
command_block|1
beacon|1
cobblestone_wall|129,130,130,129,130,130,0,131,131,0,131,131,132,133,133,132,133,133,134,135,135,134,135,135,132,133,133,132,133,133,134,135,135,134,135,135,136,137,137,136,137,137,138,139,139,138,139,139,140,141,141,140,141,141,142,143,143,142,143,143,140,141,141,140,141,141,142,143,143,142,143,143,136,137,137,136,137,137,138,139,139,138,139,139,140,141,141,140,141,141,142,143,143,142,143,143,140,141,141,140,141,141,142,143,143,142,143,143,144,145,145,144,145,145,146,147,147,146,147,147,148,149,149,148,149,149,150,151,151,150,151,151,148,149,149,148,149,149,150,151,151,150,151,151,152,153,153,152,153,153,154,155,155,154,155,155,156,157,157,156,157,157,158,159,159,158,159,159,156,157,157,156,157,157,158,159,159,158,159,159,152,153,153,152,153,153,154,155,155,154,155,155,156,157,157,156,157,157,158,159,159,158,159,159,156,157,157,156,157,157,158,159,159,158,159,159,144,145,145,144,145,145,146,147,147,146,147,147,148,149,149,148,149,149,150,151,151,150,151,151,148,149,149,148,149,149,150,151,151,150,151,151,152,153,153,152,153,153,154,155,155,154,155,155,156,157,157,156,157,157,158,159,159,158,159,159,156,157,157,156,157,157,158,159,159,158,159,159,152,153,153,152,153,153,154,155,155,154,155,155,156,157,157,156,157,157,158,159,159,158,159,159,156,157,157,156,157,157,158,159,159,158,159,159
mossy_cobblestone_wall|129,130,130,129,130,130,0,131,131,0,131,131,132,133,133,132,133,133,134,135,135,134,135,135,132,133,133,132,133,133,134,135,135,134,135,135,136,137,137,136,137,137,138,139,139,138,139,139,140,141,141,140,141,141,142,143,143,142,143,143,140,141,141,140,141,141,142,143,143,142,143,143,136,137,137,136,137,137,138,139,139,138,139,139,140,141,141,140,141,141,142,143,143,142,143,143,140,141,141,140,141,141,142,143,143,142,143,143,144,145,145,144,145,145,146,147,147,146,147,147,148,149,149,148,149,149,150,151,151,150,151,151,148,149,149,148,149,149,150,151,151,150,151,151,152,153,153,152,153,153,154,155,155,154,155,155,156,157,157,156,157,157,158,159,159,158,159,159,156,157,157,156,157,157,158,159,159,158,159,159,152,153,153,152,153,153,154,155,155,154,155,155,156,157,157,156,157,157,158,159,159,158,159,159,156,157,157,156,157,157,158,159,159,158,159,159,144,145,145,144,145,145,146,147,147,146,147,147,148,149,149,148,149,149,150,151,151,150,151,151,148,149,149,148,149,149,150,151,151,150,151,151,152,153,153,152,153,153,154,155,155,154,155,155,156,157,157,156,157,157,158,159,159,158,159,159,156,157,157,156,157,157,158,159,159,158,159,159,152,153,153,152,153,153,154,155,155,154,155,155,156,157,157,156,157,157,158,159,159,158,159,159,156,157,157,156,157,157,158,159,159,158,159,159
flower_pot|160
potted_torchflower|160
potted_oak_sapling|160
potted_spruce_sapling|160
potted_birch_sapling|160
potted_jungle_sapling|160
potted_acacia_sapling|160
potted_cherry_sapling|160
potted_dark_oak_sapling|160
potted_mangrove_propagule|160
potted_fern|160
potted_dandelion|160
potted_poppy|160
potted_blue_orchid|160
potted_allium|160
potted_azure_bluet|160
potted_red_tulip|160
potted_orange_tulip|160
potted_white_tulip|160
potted_pink_tulip|160
potted_oxeye_daisy|160
potted_cornflower|160
potted_lily_of_the_valley|160
potted_wither_rose|160
potted_red_mushroom|160
potted_brown_mushroom|160
potted_dead_bush|160
potted_cactus|160
carrots|0
potatoes|0
oak_button|0
spruce_button|0
birch_button|0
jungle_button|0
acacia_button|0
cherry_button|0
dark_oak_button|0
mangrove_button|0
bamboo_button|0
skeleton_skull|161
skeleton_wall_skull|162,162,163,163,164,164,165,165
wither_skeleton_skull|161
wither_skeleton_wall_skull|162,162,163,163,164,164,165,165
zombie_head|161
zombie_wall_head|162,162,163,163,164,164,165,165
player_head|161
player_wall_head|162,162,163,163,164,164,165,165
creeper_head|161
creeper_wall_head|162,162,163,163,164,164,165,165
dragon_head|161
dragon_wall_head|162,162,163,163,164,164,165,165
piglin_head|166
piglin_wall_head|167,167,168,168,169,169,170,170
anvil|171,171,172,172
chipped_anvil|171,171,172,172
damaged_anvil|171,171,172,172
trapped_chest|48,48,49,49,50,50,48,48,50,50,49,49,48,48,51,51,52,52,48,48,52,52,51,51
light_weighted_pressure_plate|0
heavy_weighted_pressure_plate|0
comparator|60
daylight_detector|62
redstone_block|1
nether_quartz_ore|1
hopper|173,174,175,176,177,173,174,175,176,177
quartz_block|1
chiseled_quartz_block|1
quartz_pillar|1
quartz_stairs|24,24,25,25,26,26,27,27,28,28,29,29,30,30,31,31,32,32,33,33,34,34,35,35,36,36,37,37,38,38,39,39,40,40,41,41,42,42,43,43,44,44,36,36,25,25,38,38,27,27,45,45,41,41,30,30,43,43,32,32,46,46,26,26,35,35,28,28,37,37,47,47,31,31,40,40,33,33,42,42
activator_rail|0
dropper|1
white_terracotta|1
orange_terracotta|1
magenta_terracotta|1
light_blue_terracotta|1
yellow_terracotta|1
lime_terracotta|1
pink_terracotta|1
gray_terracotta|1
light_gray_terracotta|1
cyan_terracotta|1
purple_terracotta|1
blue_terracotta|1
brown_terracotta|1
green_terracotta|1
red_terracotta|1
black_terracotta|1
white_stained_glass_pane|92,93,92,93,94,95,94,95,96,97,96,97,98,99,98,99,100,101,100,101,102,103,102,103,104,105,104,105,106,107,106,107
orange_stained_glass_pane|92,93,92,93,94,95,94,95,96,97,96,97,98,99,98,99,100,101,100,101,102,103,102,103,104,105,104,105,106,107,106,107
magenta_stained_glass_pane|92,93,92,93,94,95,94,95,96,97,96,97,98,99,98,99,100,101,100,101,102,103,102,103,104,105,104,105,106,107,106,107
light_blue_stained_glass_pane|92,93,92,93,94,95,94,95,96,97,96,97,98,99,98,99,100,101,100,101,102,103,102,103,104,105,104,105,106,107,106,107
yellow_stained_glass_pane|92,93,92,93,94,95,94,95,96,97,96,97,98,99,98,99,100,101,100,101,102,103,102,103,104,105,104,105,106,107,106,107
lime_stained_glass_pane|92,93,92,93,94,95,94,95,96,97,96,97,98,99,98,99,100,101,100,101,102,103,102,103,104,105,104,105,106,107,106,107
pink_stained_glass_pane|92,93,92,93,94,95,94,95,96,97,96,97,98,99,98,99,100,101,100,101,102,103,102,103,104,105,104,105,106,107,106,107
gray_stained_glass_pane|92,93,92,93,94,95,94,95,96,97,96,97,98,99,98,99,100,101,100,101,102,103,102,103,104,105,104,105,106,107,106,107
light_gray_stained_glass_pane|92,93,92,93,94,95,94,95,96,97,96,97,98,99,98,99,100,101,100,101,102,103,102,103,104,105,104,105,106,107,106,107
cyan_stained_glass_pane|92,93,92,93,94,95,94,95,96,97,96,97,98,99,98,99,100,101,100,101,102,103,102,103,104,105,104,105,106,107,106,107
purple_stained_glass_pane|92,93,92,93,94,95,94,95,96,97,96,97,98,99,98,99,100,101,100,101,102,103,102,103,104,105,104,105,106,107,106,107
blue_stained_glass_pane|92,93,92,93,94,95,94,95,96,97,96,97,98,99,98,99,100,101,100,101,102,103,102,103,104,105,104,105,106,107,106,107
brown_stained_glass_pane|92,93,92,93,94,95,94,95,96,97,96,97,98,99,98,99,100,101,100,101,102,103,102,103,104,105,104,105,106,107,106,107
green_stained_glass_pane|92,93,92,93,94,95,94,95,96,97,96,97,98,99,98,99,100,101,100,101,102,103,102,103,104,105,104,105,106,107,106,107
red_stained_glass_pane|92,93,92,93,94,95,94,95,96,97,96,97,98,99,98,99,100,101,100,101,102,103,102,103,104,105,104,105,106,107,106,107
black_stained_glass_pane|92,93,92,93,94,95,94,95,96,97,96,97,98,99,98,99,100,101,100,101,102,103,102,103,104,105,104,105,106,107,106,107
acacia_stairs|24,24,25,25,26,26,27,27,28,28,29,29,30,30,31,31,32,32,33,33,34,34,35,35,36,36,37,37,38,38,39,39,40,40,41,41,42,42,43,43,44,44,36,36,25,25,38,38,27,27,45,45,41,41,30,30,43,43,32,32,46,46,26,26,35,35,28,28,37,37,47,47,31,31,40,40,33,33,42,42
cherry_stairs|24,24,25,25,26,26,27,27,28,28,29,29,30,30,31,31,32,32,33,33,34,34,35,35,36,36,37,37,38,38,39,39,40,40,41,41,42,42,43,43,44,44,36,36,25,25,38,38,27,27,45,45,41,41,30,30,43,43,32,32,46,46,26,26,35,35,28,28,37,37,47,47,31,31,40,40,33,33,42,42
dark_oak_stairs|24,24,25,25,26,26,27,27,28,28,29,29,30,30,31,31,32,32,33,33,34,34,35,35,36,36,37,37,38,38,39,39,40,40,41,41,42,42,43,43,44,44,36,36,25,25,38,38,27,27,45,45,41,41,30,30,43,43,32,32,46,46,26,26,35,35,28,28,37,37,47,47,31,31,40,40,33,33,42,42
mangrove_stairs|24,24,25,25,26,26,27,27,28,28,29,29,30,30,31,31,32,32,33,33,34,34,35,35,36,36,37,37,38,38,39,39,40,40,41,41,42,42,43,43,44,44,36,36,25,25,38,38,27,27,45,45,41,41,30,30,43,43,32,32,46,46,26,26,35,35,28,28,37,37,47,47,31,31,40,40,33,33,42,42
bamboo_stairs|24,24,25,25,26,26,27,27,28,28,29,29,30,30,31,31,32,32,33,33,34,34,35,35,36,36,37,37,38,38,39,39,40,40,41,41,42,42,43,43,44,44,36,36,25,25,38,38,27,27,45,45,41,41,30,30,43,43,32,32,46,46,26,26,35,35,28,28,37,37,47,47,31,31,40,40,33,33,42,42
bamboo_mosaic_stairs|24,24,25,25,26,26,27,27,28,28,29,29,30,30,31,31,32,32,33,33,34,34,35,35,36,36,37,37,38,38,39,39,40,40,41,41,42,42,43,43,44,44,36,36,25,25,38,38,27,27,45,45,41,41,30,30,43,43,32,32,46,46,26,26,35,35,28,28,37,37,47,47,31,31,40,40,33,33,42,42
slime_block|1
barrier|1
light|0
iron_trapdoor|55,55,55,55,90,90,90,90,55,55,55,55,91,91,91,91,57,57,57,57,90,90,90,90,57,57,57,57,91,91,91,91,56,56,56,56,90,90,90,90,56,56,56,56,91,91,91,91,54,54,54,54,90,90,90,90,54,54,54,54,91,91,91,91
prismarine|1
prismarine_bricks|1
dark_prismarine|1
prismarine_stairs|24,24,25,25,26,26,27,27,28,28,29,29,30,30,31,31,32,32,33,33,34,34,35,35,36,36,37,37,38,38,39,39,40,40,41,41,42,42,43,43,44,44,36,36,25,25,38,38,27,27,45,45,41,41,30,30,43,43,32,32,46,46,26,26,35,35,28,28,37,37,47,47,31,31,40,40,33,33,42,42
prismarine_brick_stairs|24,24,25,25,26,26,27,27,28,28,29,29,30,30,31,31,32,32,33,33,34,34,35,35,36,36,37,37,38,38,39,39,40,40,41,41,42,42,43,43,44,44,36,36,25,25,38,38,27,27,45,45,41,41,30,30,43,43,32,32,46,46,26,26,35,35,28,28,37,37,47,47,31,31,40,40,33,33,42,42
dark_prismarine_stairs|24,24,25,25,26,26,27,27,28,28,29,29,30,30,31,31,32,32,33,33,34,34,35,35,36,36,37,37,38,38,39,39,40,40,41,41,42,42,43,43,44,44,36,36,25,25,38,38,27,27,45,45,41,41,30,30,43,43,32,32,46,46,26,26,35,35,28,28,37,37,47,47,31,31,40,40,33,33,42,42
prismarine_slab|178,178,63,63,1,1
prismarine_brick_slab|178,178,63,63,1,1
dark_prismarine_slab|178,178,63,63,1,1
sea_lantern|1
hay_block|1
white_carpet|179
orange_carpet|179
magenta_carpet|179
light_blue_carpet|179
yellow_carpet|179
lime_carpet|179
pink_carpet|179
gray_carpet|179
light_gray_carpet|179
cyan_carpet|179
purple_carpet|179
blue_carpet|179
brown_carpet|179
green_carpet|179
red_carpet|179
black_carpet|179
terracotta|1
coal_block|1
packed_ice|1
sunflower|0
lilac|0
rose_bush|0
peony|0
tall_grass|0
large_fern|0
white_banner|0
orange_banner|0
magenta_banner|0
light_blue_banner|0
yellow_banner|0
lime_banner|0
pink_banner|0
gray_banner|0
light_gray_banner|0
cyan_banner|0
purple_banner|0
blue_banner|0
brown_banner|0
green_banner|0
red_banner|0
black_banner|0
white_wall_banner|0
orange_wall_banner|0
magenta_wall_banner|0
light_blue_wall_banner|0
yellow_wall_banner|0
lime_wall_banner|0
pink_wall_banner|0
gray_wall_banner|0
light_gray_wall_banner|0
cyan_wall_banner|0
purple_wall_banner|0
blue_wall_banner|0
brown_wall_banner|0
green_wall_banner|0
red_wall_banner|0
black_wall_banner|0
red_sandstone|1
chiseled_red_sandstone|1
cut_red_sandstone|1
red_sandstone_stairs|24,24,25,25,26,26,27,27,28,28,29,29,30,30,31,31,32,32,33,33,34,34,35,35,36,36,37,37,38,38,39,39,40,40,41,41,42,42,43,43,44,44,36,36,25,25,38,38,27,27,45,45,41,41,30,30,43,43,32,32,46,46,26,26,35,35,28,28,37,37,47,47,31,31,40,40,33,33,42,42
oak_slab|178,178,63,63,1,1
spruce_slab|178,178,63,63,1,1
birch_slab|178,178,63,63,1,1
jungle_slab|178,178,63,63,1,1
acacia_slab|178,178,63,63,1,1
cherry_slab|178,178,63,63,1,1
dark_oak_slab|178,178,63,63,1,1
mangrove_slab|178,178,63,63,1,1
bamboo_slab|178,178,63,63,1,1
bamboo_mosaic_slab|178,178,63,63,1,1
stone_slab|178,178,63,63,1,1
smooth_stone_slab|178,178,63,63,1,1
sandstone_slab|178,178,63,63,1,1
cut_sandstone_slab|178,178,63,63,1,1
petrified_oak_slab|178,178,63,63,1,1
cobblestone_slab|178,178,63,63,1,1
brick_slab|178,178,63,63,1,1
stone_brick_slab|178,178,63,63,1,1
mud_brick_slab|178,178,63,63,1,1
nether_brick_slab|178,178,63,63,1,1
quartz_slab|178,178,63,63,1,1
red_sandstone_slab|178,178,63,63,1,1
cut_red_sandstone_slab|178,178,63,63,1,1
purpur_slab|178,178,63,63,1,1
smooth_stone|1
smooth_sandstone|1
smooth_quartz|1
smooth_red_sandstone|1
spruce_fence_gate|0,0,73,73,0,0,73,73,0,0,73,73,0,0,73,73,0,0,76,76,0,0,76,76,0,0,76,76,0,0,76,76
birch_fence_gate|0,0,73,73,0,0,73,73,0,0,73,73,0,0,73,73,0,0,76,76,0,0,76,76,0,0,76,76,0,0,76,76
jungle_fence_gate|0,0,73,73,0,0,73,73,0,0,73,73,0,0,73,73,0,0,76,76,0,0,76,76,0,0,76,76,0,0,76,76
acacia_fence_gate|0,0,73,73,0,0,73,73,0,0,73,73,0,0,73,73,0,0,76,76,0,0,76,76,0,0,76,76,0,0,76,76
cherry_fence_gate|0,0,73,73,0,0,73,73,0,0,73,73,0,0,73,73,0,0,76,76,0,0,76,76,0,0,76,76,0,0,76,76
dark_oak_fence_gate|0,0,73,73,0,0,73,73,0,0,73,73,0,0,73,73,0,0,76,76,0,0,76,76,0,0,76,76,0,0,76,76
mangrove_fence_gate|0,0,73,73,0,0,73,73,0,0,73,73,0,0,73,73,0,0,76,76,0,0,76,76,0,0,76,76,0,0,76,76
bamboo_fence_gate|0,0,73,73,0,0,73,73,0,0,73,73,0,0,73,73,0,0,76,76,0,0,76,76,0,0,76,76,0,0,76,76
spruce_fence|67,68,67,68,69,70,69,70,71,72,71,72,73,74,73,74,75,76,75,76,77,78,77,78,79,80,79,80,81,82,81,82
birch_fence|67,68,67,68,69,70,69,70,71,72,71,72,73,74,73,74,75,76,75,76,77,78,77,78,79,80,79,80,81,82,81,82
jungle_fence|67,68,67,68,69,70,69,70,71,72,71,72,73,74,73,74,75,76,75,76,77,78,77,78,79,80,79,80,81,82,81,82
acacia_fence|67,68,67,68,69,70,69,70,71,72,71,72,73,74,73,74,75,76,75,76,77,78,77,78,79,80,79,80,81,82,81,82
cherry_fence|67,68,67,68,69,70,69,70,71,72,71,72,73,74,73,74,75,76,75,76,77,78,77,78,79,80,79,80,81,82,81,82
dark_oak_fence|67,68,67,68,69,70,69,70,71,72,71,72,73,74,73,74,75,76,75,76,77,78,77,78,79,80,79,80,81,82,81,82
mangrove_fence|67,68,67,68,69,70,69,70,71,72,71,72,73,74,73,74,75,76,75,76,77,78,77,78,79,80,79,80,81,82,81,82
bamboo_fence|67,68,67,68,69,70,69,70,71,72,71,72,73,74,73,74,75,76,75,76,77,78,77,78,79,80,79,80,81,82,81,82
spruce_door|54,54,55,55,56,56,55,55,54,54,55,55,56,56,55,55,56,56,57,57,54,54,57,57,56,56,57,57,54,54,57,57,55,55,56,56,57,57,56,56,55,55,56,56,57,57,56,56,57,57,54,54,55,55,54,54,57,57,54,54,55,55,54,54
birch_door|54,54,55,55,56,56,55,55,54,54,55,55,56,56,55,55,56,56,57,57,54,54,57,57,56,56,57,57,54,54,57,57,55,55,56,56,57,57,56,56,55,55,56,56,57,57,56,56,57,57,54,54,55,55,54,54,57,57,54,54,55,55,54,54
jungle_door|54,54,55,55,56,56,55,55,54,54,55,55,56,56,55,55,56,56,57,57,54,54,57,57,56,56,57,57,54,54,57,57,55,55,56,56,57,57,56,56,55,55,56,56,57,57,56,56,57,57,54,54,55,55,54,54,57,57,54,54,55,55,54,54
acacia_door|54,54,55,55,56,56,55,55,54,54,55,55,56,56,55,55,56,56,57,57,54,54,57,57,56,56,57,57,54,54,57,57,55,55,56,56,57,57,56,56,55,55,56,56,57,57,56,56,57,57,54,54,55,55,54,54,57,57,54,54,55,55,54,54
cherry_door|54,54,55,55,56,56,55,55,54,54,55,55,56,56,55,55,56,56,57,57,54,54,57,57,56,56,57,57,54,54,57,57,55,55,56,56,57,57,56,56,55,55,56,56,57,57,56,56,57,57,54,54,55,55,54,54,57,57,54,54,55,55,54,54
dark_oak_door|54,54,55,55,56,56,55,55,54,54,55,55,56,56,55,55,56,56,57,57,54,54,57,57,56,56,57,57,54,54,57,57,55,55,56,56,57,57,56,56,55,55,56,56,57,57,56,56,57,57,54,54,55,55,54,54,57,57,54,54,55,55,54,54
mangrove_door|54,54,55,55,56,56,55,55,54,54,55,55,56,56,55,55,56,56,57,57,54,54,57,57,56,56,57,57,54,54,57,57,55,55,56,56,57,57,56,56,55,55,56,56,57,57,56,56,57,57,54,54,55,55,54,54,57,57,54,54,55,55,54,54
bamboo_door|54,54,55,55,56,56,55,55,54,54,55,55,56,56,55,55,56,56,57,57,54,54,57,57,56,56,57,57,54,54,57,57,55,55,56,56,57,57,56,56,55,55,56,56,57,57,56,56,57,57,54,54,55,55,54,54,57,57,54,54,55,55,54,54
end_rod|180,181,180,181,182,182
chorus_plant|183,184,185,186,187,188,189,190,191,192,193,194,195,196,197,198,199,200,201,202,203,204,205,206,207,208,209,210,211,212,213,214,215,216,217,218,219,220,221,222,223,224,225,226,227,228,229,230,231,232,233,234,235,236,237,238,239,240,241,242,243,244,245,246
chorus_flower|1
purpur_block|1
purpur_pillar|1
purpur_stairs|24,24,25,25,26,26,27,27,28,28,29,29,30,30,31,31,32,32,33,33,34,34,35,35,36,36,37,37,38,38,39,39,40,40,41,41,42,42,43,43,44,44,36,36,25,25,38,38,27,27,45,45,41,41,30,30,43,43,32,32,46,46,26,26,35,35,28,28,37,37,47,47,31,31,40,40,33,33,42,42
end_stone_bricks|1
torchflower_crop|0
pitcher_crop|247,247,0,248,0,248,0,248,0,248
pitcher_plant|0
beetroots|0
dirt_path|53
end_gateway|0
repeating_command_block|1
chain_command_block|1
frosted_ice|1
magma_block|1
nether_wart_block|1
red_nether_bricks|1
bone_block|1
structure_void|0
observer|1
shulker_box|1
white_shulker_box|1
orange_shulker_box|1
magenta_shulker_box|1
light_blue_shulker_box|1
yellow_shulker_box|1
lime_shulker_box|1
pink_shulker_box|1
gray_shulker_box|1
light_gray_shulker_box|1
cyan_shulker_box|1
purple_shulker_box|1
blue_shulker_box|1
brown_shulker_box|1
green_shulker_box|1
red_shulker_box|1
black_shulker_box|1
white_glazed_terracotta|1
orange_glazed_terracotta|1
magenta_glazed_terracotta|1
light_blue_glazed_terracotta|1
yellow_glazed_terracotta|1
lime_glazed_terracotta|1
pink_glazed_terracotta|1
gray_glazed_terracotta|1
light_gray_glazed_terracotta|1
cyan_glazed_terracotta|1
purple_glazed_terracotta|1
blue_glazed_terracotta|1
brown_glazed_terracotta|1
green_glazed_terracotta|1
red_glazed_terracotta|1
black_glazed_terracotta|1
white_concrete|1
orange_concrete|1
magenta_concrete|1
light_blue_concrete|1
yellow_concrete|1
lime_concrete|1
pink_concrete|1
gray_concrete|1
light_gray_concrete|1
cyan_concrete|1
purple_concrete|1
blue_concrete|1
brown_concrete|1
green_concrete|1
red_concrete|1
black_concrete|1
white_concrete_powder|1
orange_concrete_powder|1
magenta_concrete_powder|1
light_blue_concrete_powder|1
yellow_concrete_powder|1
lime_concrete_powder|1
pink_concrete_powder|1
gray_concrete_powder|1
light_gray_concrete_powder|1
cyan_concrete_powder|1
purple_concrete_powder|1
blue_concrete_powder|1
brown_concrete_powder|1
green_concrete_powder|1
red_concrete_powder|1
black_concrete_powder|1
kelp|0
kelp_plant|0
dried_kelp_block|1
turtle_egg|249,249,249,250,250,250,250,250,250,250,250,250
sniffer_egg|251
dead_tube_coral_block|1
dead_brain_coral_block|1
dead_bubble_coral_block|1
dead_fire_coral_block|1
dead_horn_coral_block|1
tube_coral_block|1
brain_coral_block|1
bubble_coral_block|1
fire_coral_block|1
horn_coral_block|1
dead_tube_coral|0
dead_brain_coral|0
dead_bubble_coral|0
dead_fire_coral|0
dead_horn_coral|0
tube_coral|0
brain_coral|0
bubble_coral|0
fire_coral|0
horn_coral|0
dead_tube_coral_fan|0
dead_brain_coral_fan|0
dead_bubble_coral_fan|0
dead_fire_coral_fan|0
dead_horn_coral_fan|0
tube_coral_fan|0
brain_coral_fan|0
bubble_coral_fan|0
fire_coral_fan|0
horn_coral_fan|0
dead_tube_coral_wall_fan|0
dead_brain_coral_wall_fan|0
dead_bubble_coral_wall_fan|0
dead_fire_coral_wall_fan|0
dead_horn_coral_wall_fan|0
tube_coral_wall_fan|0
brain_coral_wall_fan|0
bubble_coral_wall_fan|0
fire_coral_wall_fan|0
horn_coral_wall_fan|0
sea_pickle|252,252,253,253,254,254,255,255
blue_ice|1
conduit|256
bamboo_sapling|0
bamboo|109
potted_bamboo|160
void_air|0
cave_air|0
bubble_column|0
polished_granite_stairs|24,24,25,25,26,26,27,27,28,28,29,29,30,30,31,31,32,32,33,33,34,34,35,35,36,36,37,37,38,38,39,39,40,40,41,41,42,42,43,43,44,44,36,36,25,25,38,38,27,27,45,45,41,41,30,30,43,43,32,32,46,46,26,26,35,35,28,28,37,37,47,47,31,31,40,40,33,33,42,42
smooth_red_sandstone_stairs|24,24,25,25,26,26,27,27,28,28,29,29,30,30,31,31,32,32,33,33,34,34,35,35,36,36,37,37,38,38,39,39,40,40,41,41,42,42,43,43,44,44,36,36,25,25,38,38,27,27,45,45,41,41,30,30,43,43,32,32,46,46,26,26,35,35,28,28,37,37,47,47,31,31,40,40,33,33,42,42
mossy_stone_brick_stairs|24,24,25,25,26,26,27,27,28,28,29,29,30,30,31,31,32,32,33,33,34,34,35,35,36,36,37,37,38,38,39,39,40,40,41,41,42,42,43,43,44,44,36,36,25,25,38,38,27,27,45,45,41,41,30,30,43,43,32,32,46,46,26,26,35,35,28,28,37,37,47,47,31,31,40,40,33,33,42,42
polished_diorite_stairs|24,24,25,25,26,26,27,27,28,28,29,29,30,30,31,31,32,32,33,33,34,34,35,35,36,36,37,37,38,38,39,39,40,40,41,41,42,42,43,43,44,44,36,36,25,25,38,38,27,27,45,45,41,41,30,30,43,43,32,32,46,46,26,26,35,35,28,28,37,37,47,47,31,31,40,40,33,33,42,42
mossy_cobblestone_stairs|24,24,25,25,26,26,27,27,28,28,29,29,30,30,31,31,32,32,33,33,34,34,35,35,36,36,37,37,38,38,39,39,40,40,41,41,42,42,43,43,44,44,36,36,25,25,38,38,27,27,45,45,41,41,30,30,43,43,32,32,46,46,26,26,35,35,28,28,37,37,47,47,31,31,40,40,33,33,42,42
end_stone_brick_stairs|24,24,25,25,26,26,27,27,28,28,29,29,30,30,31,31,32,32,33,33,34,34,35,35,36,36,37,37,38,38,39,39,40,40,41,41,42,42,43,43,44,44,36,36,25,25,38,38,27,27,45,45,41,41,30,30,43,43,32,32,46,46,26,26,35,35,28,28,37,37,47,47,31,31,40,40,33,33,42,42
stone_stairs|24,24,25,25,26,26,27,27,28,28,29,29,30,30,31,31,32,32,33,33,34,34,35,35,36,36,37,37,38,38,39,39,40,40,41,41,42,42,43,43,44,44,36,36,25,25,38,38,27,27,45,45,41,41,30,30,43,43,32,32,46,46,26,26,35,35,28,28,37,37,47,47,31,31,40,40,33,33,42,42
smooth_sandstone_stairs|24,24,25,25,26,26,27,27,28,28,29,29,30,30,31,31,32,32,33,33,34,34,35,35,36,36,37,37,38,38,39,39,40,40,41,41,42,42,43,43,44,44,36,36,25,25,38,38,27,27,45,45,41,41,30,30,43,43,32,32,46,46,26,26,35,35,28,28,37,37,47,47,31,31,40,40,33,33,42,42
smooth_quartz_stairs|24,24,25,25,26,26,27,27,28,28,29,29,30,30,31,31,32,32,33,33,34,34,35,35,36,36,37,37,38,38,39,39,40,40,41,41,42,42,43,43,44,44,36,36,25,25,38,38,27,27,45,45,41,41,30,30,43,43,32,32,46,46,26,26,35,35,28,28,37,37,47,47,31,31,40,40,33,33,42,42
granite_stairs|24,24,25,25,26,26,27,27,28,28,29,29,30,30,31,31,32,32,33,33,34,34,35,35,36,36,37,37,38,38,39,39,40,40,41,41,42,42,43,43,44,44,36,36,25,25,38,38,27,27,45,45,41,41,30,30,43,43,32,32,46,46,26,26,35,35,28,28,37,37,47,47,31,31,40,40,33,33,42,42
andesite_stairs|24,24,25,25,26,26,27,27,28,28,29,29,30,30,31,31,32,32,33,33,34,34,35,35,36,36,37,37,38,38,39,39,40,40,41,41,42,42,43,43,44,44,36,36,25,25,38,38,27,27,45,45,41,41,30,30,43,43,32,32,46,46,26,26,35,35,28,28,37,37,47,47,31,31,40,40,33,33,42,42
red_nether_brick_stairs|24,24,25,25,26,26,27,27,28,28,29,29,30,30,31,31,32,32,33,33,34,34,35,35,36,36,37,37,38,38,39,39,40,40,41,41,42,42,43,43,44,44,36,36,25,25,38,38,27,27,45,45,41,41,30,30,43,43,32,32,46,46,26,26,35,35,28,28,37,37,47,47,31,31,40,40,33,33,42,42
polished_andesite_stairs|24,24,25,25,26,26,27,27,28,28,29,29,30,30,31,31,32,32,33,33,34,34,35,35,36,36,37,37,38,38,39,39,40,40,41,41,42,42,43,43,44,44,36,36,25,25,38,38,27,27,45,45,41,41,30,30,43,43,32,32,46,46,26,26,35,35,28,28,37,37,47,47,31,31,40,40,33,33,42,42
diorite_stairs|24,24,25,25,26,26,27,27,28,28,29,29,30,30,31,31,32,32,33,33,34,34,35,35,36,36,37,37,38,38,39,39,40,40,41,41,42,42,43,43,44,44,36,36,25,25,38,38,27,27,45,45,41,41,30,30,43,43,32,32,46,46,26,26,35,35,28,28,37,37,47,47,31,31,40,40,33,33,42,42
polished_granite_slab|178,178,63,63,1,1
smooth_red_sandstone_slab|178,178,63,63,1,1
mossy_stone_brick_slab|178,178,63,63,1,1
polished_diorite_slab|178,178,63,63,1,1
mossy_cobblestone_slab|178,178,63,63,1,1
end_stone_brick_slab|178,178,63,63,1,1
smooth_sandstone_slab|178,178,63,63,1,1
smooth_quartz_slab|178,178,63,63,1,1
granite_slab|178,178,63,63,1,1
andesite_slab|178,178,63,63,1,1
red_nether_brick_slab|178,178,63,63,1,1
polished_andesite_slab|178,178,63,63,1,1
diorite_slab|178,178,63,63,1,1
brick_wall|129,130,130,129,130,130,0,131,131,0,131,131,132,133,133,132,133,133,134,135,135,134,135,135,132,133,133,132,133,133,134,135,135,134,135,135,136,137,137,136,137,137,138,139,139,138,139,139,140,141,141,140,141,141,142,143,143,142,143,143,140,141,141,140,141,141,142,143,143,142,143,143,136,137,137,136,137,137,138,139,139,138,139,139,140,141,141,140,141,141,142,143,143,142,143,143,140,141,141,140,141,141,142,143,143,142,143,143,144,145,145,144,145,145,146,147,147,146,147,147,148,149,149,148,149,149,150,151,151,150,151,151,148,149,149,148,149,149,150,151,151,150,151,151,152,153,153,152,153,153,154,155,155,154,155,155,156,157,157,156,157,157,158,159,159,158,159,159,156,157,157,156,157,157,158,159,159,158,159,159,152,153,153,152,153,153,154,155,155,154,155,155,156,157,157,156,157,157,158,159,159,158,159,159,156,157,157,156,157,157,158,159,159,158,159,159,144,145,145,144,145,145,146,147,147,146,147,147,148,149,149,148,149,149,150,151,151,150,151,151,148,149,149,148,149,149,150,151,151,150,151,151,152,153,153,152,153,153,154,155,155,154,155,155,156,157,157,156,157,157,158,159,159,158,159,159,156,157,157,156,157,157,158,159,159,158,159,159,152,153,153,152,153,153,154,155,155,154,155,155,156,157,157,156,157,157,158,159,159,158,159,159,156,157,157,156,157,157,158,159,159,158,159,159
prismarine_wall|129,130,130,129,130,130,0,131,131,0,131,131,132,133,133,132,133,133,134,135,135,134,135,135,132,133,133,132,133,133,134,135,135,134,135,135,136,137,137,136,137,137,138,139,139,138,139,139,140,141,141,140,141,141,142,143,143,142,143,143,140,141,141,140,141,141,142,143,143,142,143,143,136,137,137,136,137,137,138,139,139,138,139,139,140,141,141,140,141,141,142,143,143,142,143,143,140,141,141,140,141,141,142,143,143,142,143,143,144,145,145,144,145,145,146,147,147,146,147,147,148,149,149,148,149,149,150,151,151,150,151,151,148,149,149,148,149,149,150,151,151,150,151,151,152,153,153,152,153,153,154,155,155,154,155,155,156,157,157,156,157,157,158,159,159,158,159,159,156,157,157,156,157,157,158,159,159,158,159,159,152,153,153,152,153,153,154,155,155,154,155,155,156,157,157,156,157,157,158,159,159,158,159,159,156,157,157,156,157,157,158,159,159,158,159,159,144,145,145,144,145,145,146,147,147,146,147,147,148,149,149,148,149,149,150,151,151,150,151,151,148,149,149,148,149,149,150,151,151,150,151,151,152,153,153,152,153,153,154,155,155,154,155,155,156,157,157,156,157,157,158,159,159,158,159,159,156,157,157,156,157,157,158,159,159,158,159,159,152,153,153,152,153,153,154,155,155,154,155,155,156,157,157,156,157,157,158,159,159,158,159,159,156,157,157,156,157,157,158,159,159,158,159,159
red_sandstone_wall|129,130,130,129,130,130,0,131,131,0,131,131,132,133,133,132,133,133,134,135,135,134,135,135,132,133,133,132,133,133,134,135,135,134,135,135,136,137,137,136,137,137,138,139,139,138,139,139,140,141,141,140,141,141,142,143,143,142,143,143,140,141,141,140,141,141,142,143,143,142,143,143,136,137,137,136,137,137,138,139,139,138,139,139,140,141,141,140,141,141,142,143,143,142,143,143,140,141,141,140,141,141,142,143,143,142,143,143,144,145,145,144,145,145,146,147,147,146,147,147,148,149,149,148,149,149,150,151,151,150,151,151,148,149,149,148,149,149,150,151,151,150,151,151,152,153,153,152,153,153,154,155,155,154,155,155,156,157,157,156,157,157,158,159,159,158,159,159,156,157,157,156,157,157,158,159,159,158,159,159,152,153,153,152,153,153,154,155,155,154,155,155,156,157,157,156,157,157,158,159,159,158,159,159,156,157,157,156,157,157,158,159,159,158,159,159,144,145,145,144,145,145,146,147,147,146,147,147,148,149,149,148,149,149,150,151,151,150,151,151,148,149,149,148,149,149,150,151,151,150,151,151,152,153,153,152,153,153,154,155,155,154,155,155,156,157,157,156,157,157,158,159,159,158,159,159,156,157,157,156,157,157,158,159,159,158,159,159,152,153,153,152,153,153,154,155,155,154,155,155,156,157,157,156,157,157,158,159,159,158,159,159,156,157,157,156,157,157,158,159,159,158,159,159
mossy_stone_brick_wall|129,130,130,129,130,130,0,131,131,0,131,131,132,133,133,132,133,133,134,135,135,134,135,135,132,133,133,132,133,133,134,135,135,134,135,135,136,137,137,136,137,137,138,139,139,138,139,139,140,141,141,140,141,141,142,143,143,142,143,143,140,141,141,140,141,141,142,143,143,142,143,143,136,137,137,136,137,137,138,139,139,138,139,139,140,141,141,140,141,141,142,143,143,142,143,143,140,141,141,140,141,141,142,143,143,142,143,143,144,145,145,144,145,145,146,147,147,146,147,147,148,149,149,148,149,149,150,151,151,150,151,151,148,149,149,148,149,149,150,151,151,150,151,151,152,153,153,152,153,153,154,155,155,154,155,155,156,157,157,156,157,157,158,159,159,158,159,159,156,157,157,156,157,157,158,159,159,158,159,159,152,153,153,152,153,153,154,155,155,154,155,155,156,157,157,156,157,157,158,159,159,158,159,159,156,157,157,156,157,157,158,159,159,158,159,159,144,145,145,144,145,145,146,147,147,146,147,147,148,149,149,148,149,149,150,151,151,150,151,151,148,149,149,148,149,149,150,151,151,150,151,151,152,153,153,152,153,153,154,155,155,154,155,155,156,157,157,156,157,157,158,159,159,158,159,159,156,157,157,156,157,157,158,159,159,158,159,159,152,153,153,152,153,153,154,155,155,154,155,155,156,157,157,156,157,157,158,159,159,158,159,159,156,157,157,156,157,157,158,159,159,158,159,159
granite_wall|129,130,130,129,130,130,0,131,131,0,131,131,132,133,133,132,133,133,134,135,135,134,135,135,132,133,133,132,133,133,134,135,135,134,135,135,136,137,137,136,137,137,138,139,139,138,139,139,140,141,141,140,141,141,142,143,143,142,143,143,140,141,141,140,141,141,142,143,143,142,143,143,136,137,137,136,137,137,138,139,139,138,139,139,140,141,141,140,141,141,142,143,143,142,143,143,140,141,141,140,141,141,142,143,143,142,143,143,144,145,145,144,145,145,146,147,147,146,147,147,148,149,149,148,149,149,150,151,151,150,151,151,148,149,149,148,149,149,150,151,151,150,151,151,152,153,153,152,153,153,154,155,155,154,155,155,156,157,157,156,157,157,158,159,159,158,159,159,156,157,157,156,157,157,158,159,159,158,159,159,152,153,153,152,153,153,154,155,155,154,155,155,156,157,157,156,157,157,158,159,159,158,159,159,156,157,157,156,157,157,158,159,159,158,159,159,144,145,145,144,145,145,146,147,147,146,147,147,148,149,149,148,149,149,150,151,151,150,151,151,148,149,149,148,149,149,150,151,151,150,151,151,152,153,153,152,153,153,154,155,155,154,155,155,156,157,157,156,157,157,158,159,159,158,159,159,156,157,157,156,157,157,158,159,159,158,159,159,152,153,153,152,153,153,154,155,155,154,155,155,156,157,157,156,157,157,158,159,159,158,159,159,156,157,157,156,157,157,158,159,159,158,159,159
stone_brick_wall|129,130,130,129,130,130,0,131,131,0,131,131,132,133,133,132,133,133,134,135,135,134,135,135,132,133,133,132,133,133,134,135,135,134,135,135,136,137,137,136,137,137,138,139,139,138,139,139,140,141,141,140,141,141,142,143,143,142,143,143,140,141,141,140,141,141,142,143,143,142,143,143,136,137,137,136,137,137,138,139,139,138,139,139,140,141,141,140,141,141,142,143,143,142,143,143,140,141,141,140,141,141,142,143,143,142,143,143,144,145,145,144,145,145,146,147,147,146,147,147,148,149,149,148,149,149,150,151,151,150,151,151,148,149,149,148,149,149,150,151,151,150,151,151,152,153,153,152,153,153,154,155,155,154,155,155,156,157,157,156,157,157,158,159,159,158,159,159,156,157,157,156,157,157,158,159,159,158,159,159,152,153,153,152,153,153,154,155,155,154,155,155,156,157,157,156,157,157,158,159,159,158,159,159,156,157,157,156,157,157,158,159,159,158,159,159,144,145,145,144,145,145,146,147,147,146,147,147,148,149,149,148,149,149,150,151,151,150,151,151,148,149,149,148,149,149,150,151,151,150,151,151,152,153,153,152,153,153,154,155,155,154,155,155,156,157,157,156,157,157,158,159,159,158,159,159,156,157,157,156,157,157,158,159,159,158,159,159,152,153,153,152,153,153,154,155,155,154,155,155,156,157,157,156,157,157,158,159,159,158,159,159,156,157,157,156,157,157,158,159,159,158,159,159
mud_brick_wall|129,130,130,129,130,130,0,131,131,0,131,131,132,133,133,132,133,133,134,135,135,134,135,135,132,133,133,132,133,133,134,135,135,134,135,135,136,137,137,136,137,137,138,139,139,138,139,139,140,141,141,140,141,141,142,143,143,142,143,143,140,141,141,140,141,141,142,143,143,142,143,143,136,137,137,136,137,137,138,139,139,138,139,139,140,141,141,140,141,141,142,143,143,142,143,143,140,141,141,140,141,141,142,143,143,142,143,143,144,145,145,144,145,145,146,147,147,146,147,147,148,149,149,148,149,149,150,151,151,150,151,151,148,149,149,148,149,149,150,151,151,150,151,151,152,153,153,152,153,153,154,155,155,154,155,155,156,157,157,156,157,157,158,159,159,158,159,159,156,157,157,156,157,157,158,159,159,158,159,159,152,153,153,152,153,153,154,155,155,154,155,155,156,157,157,156,157,157,158,159,159,158,159,159,156,157,157,156,157,157,158,159,159,158,159,159,144,145,145,144,145,145,146,147,147,146,147,147,148,149,149,148,149,149,150,151,151,150,151,151,148,149,149,148,149,149,150,151,151,150,151,151,152,153,153,152,153,153,154,155,155,154,155,155,156,157,157,156,157,157,158,159,159,158,159,159,156,157,157,156,157,157,158,159,159,158,159,159,152,153,153,152,153,153,154,155,155,154,155,155,156,157,157,156,157,157,158,159,159,158,159,159,156,157,157,156,157,157,158,159,159,158,159,159
nether_brick_wall|129,130,130,129,130,130,0,131,131,0,131,131,132,133,133,132,133,133,134,135,135,134,135,135,132,133,133,132,133,133,134,135,135,134,135,135,136,137,137,136,137,137,138,139,139,138,139,139,140,141,141,140,141,141,142,143,143,142,143,143,140,141,141,140,141,141,142,143,143,142,143,143,136,137,137,136,137,137,138,139,139,138,139,139,140,141,141,140,141,141,142,143,143,142,143,143,140,141,141,140,141,141,142,143,143,142,143,143,144,145,145,144,145,145,146,147,147,146,147,147,148,149,149,148,149,149,150,151,151,150,151,151,148,149,149,148,149,149,150,151,151,150,151,151,152,153,153,152,153,153,154,155,155,154,155,155,156,157,157,156,157,157,158,159,159,158,159,159,156,157,157,156,157,157,158,159,159,158,159,159,152,153,153,152,153,153,154,155,155,154,155,155,156,157,157,156,157,157,158,159,159,158,159,159,156,157,157,156,157,157,158,159,159,158,159,159,144,145,145,144,145,145,146,147,147,146,147,147,148,149,149,148,149,149,150,151,151,150,151,151,148,149,149,148,149,149,150,151,151,150,151,151,152,153,153,152,153,153,154,155,155,154,155,155,156,157,157,156,157,157,158,159,159,158,159,159,156,157,157,156,157,157,158,159,159,158,159,159,152,153,153,152,153,153,154,155,155,154,155,155,156,157,157,156,157,157,158,159,159,158,159,159,156,157,157,156,157,157,158,159,159,158,159,159
andesite_wall|129,130,130,129,130,130,0,131,131,0,131,131,132,133,133,132,133,133,134,135,135,134,135,135,132,133,133,132,133,133,134,135,135,134,135,135,136,137,137,136,137,137,138,139,139,138,139,139,140,141,141,140,141,141,142,143,143,142,143,143,140,141,141,140,141,141,142,143,143,142,143,143,136,137,137,136,137,137,138,139,139,138,139,139,140,141,141,140,141,141,142,143,143,142,143,143,140,141,141,140,141,141,142,143,143,142,143,143,144,145,145,144,145,145,146,147,147,146,147,147,148,149,149,148,149,149,150,151,151,150,151,151,148,149,149,148,149,149,150,151,151,150,151,151,152,153,153,152,153,153,154,155,155,154,155,155,156,157,157,156,157,157,158,159,159,158,159,159,156,157,157,156,157,157,158,159,159,158,159,159,152,153,153,152,153,153,154,155,155,154,155,155,156,157,157,156,157,157,158,159,159,158,159,159,156,157,157,156,157,157,158,159,159,158,159,159,144,145,145,144,145,145,146,147,147,146,147,147,148,149,149,148,149,149,150,151,151,150,151,151,148,149,149,148,149,149,150,151,151,150,151,151,152,153,153,152,153,153,154,155,155,154,155,155,156,157,157,156,157,157,158,159,159,158,159,159,156,157,157,156,157,157,158,159,159,158,159,159,152,153,153,152,153,153,154,155,155,154,155,155,156,157,157,156,157,157,158,159,159,158,159,159,156,157,157,156,157,157,158,159,159,158,159,159
red_nether_brick_wall|129,130,130,129,130,130,0,131,131,0,131,131,132,133,133,132,133,133,134,135,135,134,135,135,132,133,133,132,133,133,134,135,135,134,135,135,136,137,137,136,137,137,138,139,139,138,139,139,140,141,141,140,141,141,142,143,143,142,143,143,140,141,141,140,141,141,142,143,143,142,143,143,136,137,137,136,137,137,138,139,139,138,139,139,140,141,141,140,141,141,142,143,143,142,143,143,140,141,141,140,141,141,142,143,143,142,143,143,144,145,145,144,145,145,146,147,147,146,147,147,148,149,149,148,149,149,150,151,151,150,151,151,148,149,149,148,149,149,150,151,151,150,151,151,152,153,153,152,153,153,154,155,155,154,155,155,156,157,157,156,157,157,158,159,159,158,159,159,156,157,157,156,157,157,158,159,159,158,159,159,152,153,153,152,153,153,154,155,155,154,155,155,156,157,157,156,157,157,158,159,159,158,159,159,156,157,157,156,157,157,158,159,159,158,159,159,144,145,145,144,145,145,146,147,147,146,147,147,148,149,149,148,149,149,150,151,151,150,151,151,148,149,149,148,149,149,150,151,151,150,151,151,152,153,153,152,153,153,154,155,155,154,155,155,156,157,157,156,157,157,158,159,159,158,159,159,156,157,157,156,157,157,158,159,159,158,159,159,152,153,153,152,153,153,154,155,155,154,155,155,156,157,157,156,157,157,158,159,159,158,159,159,156,157,157,156,157,157,158,159,159,158,159,159
sandstone_wall|129,130,130,129,130,130,0,131,131,0,131,131,132,133,133,132,133,133,134,135,135,134,135,135,132,133,133,132,133,133,134,135,135,134,135,135,136,137,137,136,137,137,138,139,139,138,139,139,140,141,141,140,141,141,142,143,143,142,143,143,140,141,141,140,141,141,142,143,143,142,143,143,136,137,137,136,137,137,138,139,139,138,139,139,140,141,141,140,141,141,142,143,143,142,143,143,140,141,141,140,141,141,142,143,143,142,143,143,144,145,145,144,145,145,146,147,147,146,147,147,148,149,149,148,149,149,150,151,151,150,151,151,148,149,149,148,149,149,150,151,151,150,151,151,152,153,153,152,153,153,154,155,155,154,155,155,156,157,157,156,157,157,158,159,159,158,159,159,156,157,157,156,157,157,158,159,159,158,159,159,152,153,153,152,153,153,154,155,155,154,155,155,156,157,157,156,157,157,158,159,159,158,159,159,156,157,157,156,157,157,158,159,159,158,159,159,144,145,145,144,145,145,146,147,147,146,147,147,148,149,149,148,149,149,150,151,151,150,151,151,148,149,149,148,149,149,150,151,151,150,151,151,152,153,153,152,153,153,154,155,155,154,155,155,156,157,157,156,157,157,158,159,159,158,159,159,156,157,157,156,157,157,158,159,159,158,159,159,152,153,153,152,153,153,154,155,155,154,155,155,156,157,157,156,157,157,158,159,159,158,159,159,156,157,157,156,157,157,158,159,159,158,159,159
end_stone_brick_wall|129,130,130,129,130,130,0,131,131,0,131,131,132,133,133,132,133,133,134,135,135,134,135,135,132,133,133,132,133,133,134,135,135,134,135,135,136,137,137,136,137,137,138,139,139,138,139,139,140,141,141,140,141,141,142,143,143,142,143,143,140,141,141,140,141,141,142,143,143,142,143,143,136,137,137,136,137,137,138,139,139,138,139,139,140,141,141,140,141,141,142,143,143,142,143,143,140,141,141,140,141,141,142,143,143,142,143,143,144,145,145,144,145,145,146,147,147,146,147,147,148,149,149,148,149,149,150,151,151,150,151,151,148,149,149,148,149,149,150,151,151,150,151,151,152,153,153,152,153,153,154,155,155,154,155,155,156,157,157,156,157,157,158,159,159,158,159,159,156,157,157,156,157,157,158,159,159,158,159,159,152,153,153,152,153,153,154,155,155,154,155,155,156,157,157,156,157,157,158,159,159,158,159,159,156,157,157,156,157,157,158,159,159,158,159,159,144,145,145,144,145,145,146,147,147,146,147,147,148,149,149,148,149,149,150,151,151,150,151,151,148,149,149,148,149,149,150,151,151,150,151,151,152,153,153,152,153,153,154,155,155,154,155,155,156,157,157,156,157,157,158,159,159,158,159,159,156,157,157,156,157,157,158,159,159,158,159,159,152,153,153,152,153,153,154,155,155,154,155,155,156,157,157,156,157,157,158,159,159,158,159,159,156,157,157,156,157,157,158,159,159,158,159,159
diorite_wall|129,130,130,129,130,130,0,131,131,0,131,131,132,133,133,132,133,133,134,135,135,134,135,135,132,133,133,132,133,133,134,135,135,134,135,135,136,137,137,136,137,137,138,139,139,138,139,139,140,141,141,140,141,141,142,143,143,142,143,143,140,141,141,140,141,141,142,143,143,142,143,143,136,137,137,136,137,137,138,139,139,138,139,139,140,141,141,140,141,141,142,143,143,142,143,143,140,141,141,140,141,141,142,143,143,142,143,143,144,145,145,144,145,145,146,147,147,146,147,147,148,149,149,148,149,149,150,151,151,150,151,151,148,149,149,148,149,149,150,151,151,150,151,151,152,153,153,152,153,153,154,155,155,154,155,155,156,157,157,156,157,157,158,159,159,158,159,159,156,157,157,156,157,157,158,159,159,158,159,159,152,153,153,152,153,153,154,155,155,154,155,155,156,157,157,156,157,157,158,159,159,158,159,159,156,157,157,156,157,157,158,159,159,158,159,159,144,145,145,144,145,145,146,147,147,146,147,147,148,149,149,148,149,149,150,151,151,150,151,151,148,149,149,148,149,149,150,151,151,150,151,151,152,153,153,152,153,153,154,155,155,154,155,155,156,157,157,156,157,157,158,159,159,158,159,159,156,157,157,156,157,157,158,159,159,158,159,159,152,153,153,152,153,153,154,155,155,154,155,155,156,157,157,156,157,157,158,159,159,158,159,159,156,157,157,156,157,157,158,159,159,158,159,159
scaffolding|257
loom|1
barrel|1
smoker|1
blast_furnace|1
cartography_table|1
fletching_table|1
grindstone|258,258,259,259,260,261,262,263,264,264,265,265
lectern|266
smithing_table|1
stonecutter|267
bell|268,268,268,268,269,269,269,269,270,270,270,270,270,270,270,270,271,271,272,272,273,273,274,274,275,275,275,275,276,276,276,276
lantern|277,277,278,278
soul_lantern|277,277,278,278
campfire|279
soul_campfire|279
sweet_berry_bush|0
warped_stem|1
stripped_warped_stem|1
warped_hyphae|1
stripped_warped_hyphae|1
warped_nylium|1
warped_fungus|0
warped_wart_block|1
warped_roots|0
nether_sprouts|0
crimson_stem|1
stripped_crimson_stem|1
crimson_hyphae|1
stripped_crimson_hyphae|1
crimson_nylium|1
crimson_fungus|0
shroomlight|1
weeping_vines|0
weeping_vines_plant|0
twisting_vines|0
twisting_vines_plant|0
crimson_roots|0
crimson_planks|1
warped_planks|1
crimson_slab|178,178,63,63,1,1
warped_slab|178,178,63,63,1,1
crimson_pressure_plate|0
warped_pressure_plate|0
crimson_fence|67,68,67,68,69,70,69,70,71,72,71,72,73,74,73,74,75,76,75,76,77,78,77,78,79,80,79,80,81,82,81,82
warped_fence|67,68,67,68,69,70,69,70,71,72,71,72,73,74,73,74,75,76,75,76,77,78,77,78,79,80,79,80,81,82,81,82
crimson_trapdoor|55,55,55,55,90,90,90,90,55,55,55,55,91,91,91,91,57,57,57,57,90,90,90,90,57,57,57,57,91,91,91,91,56,56,56,56,90,90,90,90,56,56,56,56,91,91,91,91,54,54,54,54,90,90,90,90,54,54,54,54,91,91,91,91
warped_trapdoor|55,55,55,55,90,90,90,90,55,55,55,55,91,91,91,91,57,57,57,57,90,90,90,90,57,57,57,57,91,91,91,91,56,56,56,56,90,90,90,90,56,56,56,56,91,91,91,91,54,54,54,54,90,90,90,90,54,54,54,54,91,91,91,91
crimson_fence_gate|0,0,73,73,0,0,73,73,0,0,73,73,0,0,73,73,0,0,76,76,0,0,76,76,0,0,76,76,0,0,76,76
warped_fence_gate|0,0,73,73,0,0,73,73,0,0,73,73,0,0,73,73,0,0,76,76,0,0,76,76,0,0,76,76,0,0,76,76
crimson_stairs|24,24,25,25,26,26,27,27,28,28,29,29,30,30,31,31,32,32,33,33,34,34,35,35,36,36,37,37,38,38,39,39,40,40,41,41,42,42,43,43,44,44,36,36,25,25,38,38,27,27,45,45,41,41,30,30,43,43,32,32,46,46,26,26,35,35,28,28,37,37,47,47,31,31,40,40,33,33,42,42
warped_stairs|24,24,25,25,26,26,27,27,28,28,29,29,30,30,31,31,32,32,33,33,34,34,35,35,36,36,37,37,38,38,39,39,40,40,41,41,42,42,43,43,44,44,36,36,25,25,38,38,27,27,45,45,41,41,30,30,43,43,32,32,46,46,26,26,35,35,28,28,37,37,47,47,31,31,40,40,33,33,42,42
crimson_button|0
warped_button|0
crimson_door|54,54,55,55,56,56,55,55,54,54,55,55,56,56,55,55,56,56,57,57,54,54,57,57,56,56,57,57,54,54,57,57,55,55,56,56,57,57,56,56,55,55,56,56,57,57,56,56,57,57,54,54,55,55,54,54,57,57,54,54,55,55,54,54
warped_door|54,54,55,55,56,56,55,55,54,54,55,55,56,56,55,55,56,56,57,57,54,54,57,57,56,56,57,57,54,54,57,57,55,55,56,56,57,57,56,56,55,55,56,56,57,57,56,56,57,57,54,54,55,55,54,54,57,57,54,54,55,55,54,54
crimson_sign|0
warped_sign|0
crimson_wall_sign|0
warped_wall_sign|0
structure_block|1
jigsaw|1
composter|280
target|1
bee_nest|1
beehive|1
honey_block|66
honeycomb_block|1
netherite_block|1
ancient_debris|1
crying_obsidian|1
respawn_anchor|1
potted_crimson_fungus|160
potted_warped_fungus|160
potted_crimson_roots|160
potted_warped_roots|160
lodestone|1
blackstone|1
blackstone_stairs|24,24,25,25,26,26,27,27,28,28,29,29,30,30,31,31,32,32,33,33,34,34,35,35,36,36,37,37,38,38,39,39,40,40,41,41,42,42,43,43,44,44,36,36,25,25,38,38,27,27,45,45,41,41,30,30,43,43,32,32,46,46,26,26,35,35,28,28,37,37,47,47,31,31,40,40,33,33,42,42
blackstone_wall|129,130,130,129,130,130,0,131,131,0,131,131,132,133,133,132,133,133,134,135,135,134,135,135,132,133,133,132,133,133,134,135,135,134,135,135,136,137,137,136,137,137,138,139,139,138,139,139,140,141,141,140,141,141,142,143,143,142,143,143,140,141,141,140,141,141,142,143,143,142,143,143,136,137,137,136,137,137,138,139,139,138,139,139,140,141,141,140,141,141,142,143,143,142,143,143,140,141,141,140,141,141,142,143,143,142,143,143,144,145,145,144,145,145,146,147,147,146,147,147,148,149,149,148,149,149,150,151,151,150,151,151,148,149,149,148,149,149,150,151,151,150,151,151,152,153,153,152,153,153,154,155,155,154,155,155,156,157,157,156,157,157,158,159,159,158,159,159,156,157,157,156,157,157,158,159,159,158,159,159,152,153,153,152,153,153,154,155,155,154,155,155,156,157,157,156,157,157,158,159,159,158,159,159,156,157,157,156,157,157,158,159,159,158,159,159,144,145,145,144,145,145,146,147,147,146,147,147,148,149,149,148,149,149,150,151,151,150,151,151,148,149,149,148,149,149,150,151,151,150,151,151,152,153,153,152,153,153,154,155,155,154,155,155,156,157,157,156,157,157,158,159,159,158,159,159,156,157,157,156,157,157,158,159,159,158,159,159,152,153,153,152,153,153,154,155,155,154,155,155,156,157,157,156,157,157,158,159,159,158,159,159,156,157,157,156,157,157,158,159,159,158,159,159
blackstone_slab|178,178,63,63,1,1
polished_blackstone|1
polished_blackstone_bricks|1
cracked_polished_blackstone_bricks|1
chiseled_polished_blackstone|1
polished_blackstone_brick_slab|178,178,63,63,1,1
polished_blackstone_brick_stairs|24,24,25,25,26,26,27,27,28,28,29,29,30,30,31,31,32,32,33,33,34,34,35,35,36,36,37,37,38,38,39,39,40,40,41,41,42,42,43,43,44,44,36,36,25,25,38,38,27,27,45,45,41,41,30,30,43,43,32,32,46,46,26,26,35,35,28,28,37,37,47,47,31,31,40,40,33,33,42,42
polished_blackstone_brick_wall|129,130,130,129,130,130,0,131,131,0,131,131,132,133,133,132,133,133,134,135,135,134,135,135,132,133,133,132,133,133,134,135,135,134,135,135,136,137,137,136,137,137,138,139,139,138,139,139,140,141,141,140,141,141,142,143,143,142,143,143,140,141,141,140,141,141,142,143,143,142,143,143,136,137,137,136,137,137,138,139,139,138,139,139,140,141,141,140,141,141,142,143,143,142,143,143,140,141,141,140,141,141,142,143,143,142,143,143,144,145,145,144,145,145,146,147,147,146,147,147,148,149,149,148,149,149,150,151,151,150,151,151,148,149,149,148,149,149,150,151,151,150,151,151,152,153,153,152,153,153,154,155,155,154,155,155,156,157,157,156,157,157,158,159,159,158,159,159,156,157,157,156,157,157,158,159,159,158,159,159,152,153,153,152,153,153,154,155,155,154,155,155,156,157,157,156,157,157,158,159,159,158,159,159,156,157,157,156,157,157,158,159,159,158,159,159,144,145,145,144,145,145,146,147,147,146,147,147,148,149,149,148,149,149,150,151,151,150,151,151,148,149,149,148,149,149,150,151,151,150,151,151,152,153,153,152,153,153,154,155,155,154,155,155,156,157,157,156,157,157,158,159,159,158,159,159,156,157,157,156,157,157,158,159,159,158,159,159,152,153,153,152,153,153,154,155,155,154,155,155,156,157,157,156,157,157,158,159,159,158,159,159,156,157,157,156,157,157,158,159,159,158,159,159
gilded_blackstone|1
polished_blackstone_stairs|24,24,25,25,26,26,27,27,28,28,29,29,30,30,31,31,32,32,33,33,34,34,35,35,36,36,37,37,38,38,39,39,40,40,41,41,42,42,43,43,44,44,36,36,25,25,38,38,27,27,45,45,41,41,30,30,43,43,32,32,46,46,26,26,35,35,28,28,37,37,47,47,31,31,40,40,33,33,42,42
polished_blackstone_slab|178,178,63,63,1,1
polished_blackstone_pressure_plate|0
polished_blackstone_button|0
polished_blackstone_wall|129,130,130,129,130,130,0,131,131,0,131,131,132,133,133,132,133,133,134,135,135,134,135,135,132,133,133,132,133,133,134,135,135,134,135,135,136,137,137,136,137,137,138,139,139,138,139,139,140,141,141,140,141,141,142,143,143,142,143,143,140,141,141,140,141,141,142,143,143,142,143,143,136,137,137,136,137,137,138,139,139,138,139,139,140,141,141,140,141,141,142,143,143,142,143,143,140,141,141,140,141,141,142,143,143,142,143,143,144,145,145,144,145,145,146,147,147,146,147,147,148,149,149,148,149,149,150,151,151,150,151,151,148,149,149,148,149,149,150,151,151,150,151,151,152,153,153,152,153,153,154,155,155,154,155,155,156,157,157,156,157,157,158,159,159,158,159,159,156,157,157,156,157,157,158,159,159,158,159,159,152,153,153,152,153,153,154,155,155,154,155,155,156,157,157,156,157,157,158,159,159,158,159,159,156,157,157,156,157,157,158,159,159,158,159,159,144,145,145,144,145,145,146,147,147,146,147,147,148,149,149,148,149,149,150,151,151,150,151,151,148,149,149,148,149,149,150,151,151,150,151,151,152,153,153,152,153,153,154,155,155,154,155,155,156,157,157,156,157,157,158,159,159,158,159,159,156,157,157,156,157,157,158,159,159,158,159,159,152,153,153,152,153,153,154,155,155,154,155,155,156,157,157,156,157,157,158,159,159,158,159,159,156,157,157,156,157,157,158,159,159,158,159,159
chiseled_nether_bricks|1
cracked_nether_bricks|1
quartz_bricks|1
candle|281,281,281,281,282,282,282,282,283,283,283,283,284,284,284,284
white_candle|281,281,281,281,282,282,282,282,283,283,283,283,284,284,284,284
orange_candle|281,281,281,281,282,282,282,282,283,283,283,283,284,284,284,284
magenta_candle|281,281,281,281,282,282,282,282,283,283,283,283,284,284,284,284
light_blue_candle|281,281,281,281,282,282,282,282,283,283,283,283,284,284,284,284
yellow_candle|281,281,281,281,282,282,282,282,283,283,283,283,284,284,284,284
lime_candle|281,281,281,281,282,282,282,282,283,283,283,283,284,284,284,284
pink_candle|281,281,281,281,282,282,282,282,283,283,283,283,284,284,284,284
gray_candle|281,281,281,281,282,282,282,282,283,283,283,283,284,284,284,284
light_gray_candle|281,281,281,281,282,282,282,282,283,283,283,283,284,284,284,284
cyan_candle|281,281,281,281,282,282,282,282,283,283,283,283,284,284,284,284
purple_candle|281,281,281,281,282,282,282,282,283,283,283,283,284,284,284,284
blue_candle|281,281,281,281,282,282,282,282,283,283,283,283,284,284,284,284
brown_candle|281,281,281,281,282,282,282,282,283,283,283,283,284,284,284,284
green_candle|281,281,281,281,282,282,282,282,283,283,283,283,284,284,284,284
red_candle|281,281,281,281,282,282,282,282,283,283,283,283,284,284,284,284
black_candle|281,281,281,281,282,282,282,282,283,283,283,283,284,284,284,284
candle_cake|285
white_candle_cake|285
orange_candle_cake|285
magenta_candle_cake|285
light_blue_candle_cake|285
yellow_candle_cake|285
lime_candle_cake|285
pink_candle_cake|285
gray_candle_cake|285
light_gray_candle_cake|285
cyan_candle_cake|285
purple_candle_cake|285
blue_candle_cake|285
brown_candle_cake|285
green_candle_cake|285
red_candle_cake|285
black_candle_cake|285
amethyst_block|1
budding_amethyst|1
amethyst_cluster|286,286,287,287,288,288,289,289,290,290,291,291
large_amethyst_bud|292,292,293,293,294,294,295,295,296,296,297,297
medium_amethyst_bud|298,298,299,299,300,300,301,301,302,302,303,303
small_amethyst_bud|304,304,305,305,306,306,307,307,308,308,309,309
tuff|1
tuff_slab|178,178,63,63,1,1
tuff_stairs|24,24,25,25,26,26,27,27,28,28,29,29,30,30,31,31,32,32,33,33,34,34,35,35,36,36,37,37,38,38,39,39,40,40,41,41,42,42,43,43,44,44,36,36,25,25,38,38,27,27,45,45,41,41,30,30,43,43,32,32,46,46,26,26,35,35,28,28,37,37,47,47,31,31,40,40,33,33,42,42
tuff_wall|129,130,130,129,130,130,0,131,131,0,131,131,132,133,133,132,133,133,134,135,135,134,135,135,132,133,133,132,133,133,134,135,135,134,135,135,136,137,137,136,137,137,138,139,139,138,139,139,140,141,141,140,141,141,142,143,143,142,143,143,140,141,141,140,141,141,142,143,143,142,143,143,136,137,137,136,137,137,138,139,139,138,139,139,140,141,141,140,141,141,142,143,143,142,143,143,140,141,141,140,141,141,142,143,143,142,143,143,144,145,145,144,145,145,146,147,147,146,147,147,148,149,149,148,149,149,150,151,151,150,151,151,148,149,149,148,149,149,150,151,151,150,151,151,152,153,153,152,153,153,154,155,155,154,155,155,156,157,157,156,157,157,158,159,159,158,159,159,156,157,157,156,157,157,158,159,159,158,159,159,152,153,153,152,153,153,154,155,155,154,155,155,156,157,157,156,157,157,158,159,159,158,159,159,156,157,157,156,157,157,158,159,159,158,159,159,144,145,145,144,145,145,146,147,147,146,147,147,148,149,149,148,149,149,150,151,151,150,151,151,148,149,149,148,149,149,150,151,151,150,151,151,152,153,153,152,153,153,154,155,155,154,155,155,156,157,157,156,157,157,158,159,159,158,159,159,156,157,157,156,157,157,158,159,159,158,159,159,152,153,153,152,153,153,154,155,155,154,155,155,156,157,157,156,157,157,158,159,159,158,159,159,156,157,157,156,157,157,158,159,159,158,159,159
polished_tuff|1
polished_tuff_slab|178,178,63,63,1,1
polished_tuff_stairs|24,24,25,25,26,26,27,27,28,28,29,29,30,30,31,31,32,32,33,33,34,34,35,35,36,36,37,37,38,38,39,39,40,40,41,41,42,42,43,43,44,44,36,36,25,25,38,38,27,27,45,45,41,41,30,30,43,43,32,32,46,46,26,26,35,35,28,28,37,37,47,47,31,31,40,40,33,33,42,42
polished_tuff_wall|129,130,130,129,130,130,0,131,131,0,131,131,132,133,133,132,133,133,134,135,135,134,135,135,132,133,133,132,133,133,134,135,135,134,135,135,136,137,137,136,137,137,138,139,139,138,139,139,140,141,141,140,141,141,142,143,143,142,143,143,140,141,141,140,141,141,142,143,143,142,143,143,136,137,137,136,137,137,138,139,139,138,139,139,140,141,141,140,141,141,142,143,143,142,143,143,140,141,141,140,141,141,142,143,143,142,143,143,144,145,145,144,145,145,146,147,147,146,147,147,148,149,149,148,149,149,150,151,151,150,151,151,148,149,149,148,149,149,150,151,151,150,151,151,152,153,153,152,153,153,154,155,155,154,155,155,156,157,157,156,157,157,158,159,159,158,159,159,156,157,157,156,157,157,158,159,159,158,159,159,152,153,153,152,153,153,154,155,155,154,155,155,156,157,157,156,157,157,158,159,159,158,159,159,156,157,157,156,157,157,158,159,159,158,159,159,144,145,145,144,145,145,146,147,147,146,147,147,148,149,149,148,149,149,150,151,151,150,151,151,148,149,149,148,149,149,150,151,151,150,151,151,152,153,153,152,153,153,154,155,155,154,155,155,156,157,157,156,157,157,158,159,159,158,159,159,156,157,157,156,157,157,158,159,159,158,159,159,152,153,153,152,153,153,154,155,155,154,155,155,156,157,157,156,157,157,158,159,159,158,159,159,156,157,157,156,157,157,158,159,159,158,159,159
chiseled_tuff|1
tuff_bricks|1
tuff_brick_slab|178,178,63,63,1,1
tuff_brick_stairs|24,24,25,25,26,26,27,27,28,28,29,29,30,30,31,31,32,32,33,33,34,34,35,35,36,36,37,37,38,38,39,39,40,40,41,41,42,42,43,43,44,44,36,36,25,25,38,38,27,27,45,45,41,41,30,30,43,43,32,32,46,46,26,26,35,35,28,28,37,37,47,47,31,31,40,40,33,33,42,42
tuff_brick_wall|129,130,130,129,130,130,0,131,131,0,131,131,132,133,133,132,133,133,134,135,135,134,135,135,132,133,133,132,133,133,134,135,135,134,135,135,136,137,137,136,137,137,138,139,139,138,139,139,140,141,141,140,141,141,142,143,143,142,143,143,140,141,141,140,141,141,142,143,143,142,143,143,136,137,137,136,137,137,138,139,139,138,139,139,140,141,141,140,141,141,142,143,143,142,143,143,140,141,141,140,141,141,142,143,143,142,143,143,144,145,145,144,145,145,146,147,147,146,147,147,148,149,149,148,149,149,150,151,151,150,151,151,148,149,149,148,149,149,150,151,151,150,151,151,152,153,153,152,153,153,154,155,155,154,155,155,156,157,157,156,157,157,158,159,159,158,159,159,156,157,157,156,157,157,158,159,159,158,159,159,152,153,153,152,153,153,154,155,155,154,155,155,156,157,157,156,157,157,158,159,159,158,159,159,156,157,157,156,157,157,158,159,159,158,159,159,144,145,145,144,145,145,146,147,147,146,147,147,148,149,149,148,149,149,150,151,151,150,151,151,148,149,149,148,149,149,150,151,151,150,151,151,152,153,153,152,153,153,154,155,155,154,155,155,156,157,157,156,157,157,158,159,159,158,159,159,156,157,157,156,157,157,158,159,159,158,159,159,152,153,153,152,153,153,154,155,155,154,155,155,156,157,157,156,157,157,158,159,159,158,159,159,156,157,157,156,157,157,158,159,159,158,159,159
chiseled_tuff_bricks|1
calcite|1
tinted_glass|1
powder_snow|0
sculk_sensor|63
calibrated_sculk_sensor|63
sculk|1
sculk_vein|0
sculk_catalyst|1
sculk_shrieker|63
copper_block|1
exposed_copper|1
weathered_copper|1
oxidized_copper|1
copper_ore|1
deepslate_copper_ore|1
oxidized_cut_copper|1
weathered_cut_copper|1
exposed_cut_copper|1
cut_copper|1
oxidized_chiseled_copper|1
weathered_chiseled_copper|1
exposed_chiseled_copper|1
chiseled_copper|1
waxed_oxidized_chiseled_copper|1
waxed_weathered_chiseled_copper|1
waxed_exposed_chiseled_copper|1
waxed_chiseled_copper|1
oxidized_cut_copper_stairs|24,24,25,25,26,26,27,27,28,28,29,29,30,30,31,31,32,32,33,33,34,34,35,35,36,36,37,37,38,38,39,39,40,40,41,41,42,42,43,43,44,44,36,36,25,25,38,38,27,27,45,45,41,41,30,30,43,43,32,32,46,46,26,26,35,35,28,28,37,37,47,47,31,31,40,40,33,33,42,42
weathered_cut_copper_stairs|24,24,25,25,26,26,27,27,28,28,29,29,30,30,31,31,32,32,33,33,34,34,35,35,36,36,37,37,38,38,39,39,40,40,41,41,42,42,43,43,44,44,36,36,25,25,38,38,27,27,45,45,41,41,30,30,43,43,32,32,46,46,26,26,35,35,28,28,37,37,47,47,31,31,40,40,33,33,42,42
exposed_cut_copper_stairs|24,24,25,25,26,26,27,27,28,28,29,29,30,30,31,31,32,32,33,33,34,34,35,35,36,36,37,37,38,38,39,39,40,40,41,41,42,42,43,43,44,44,36,36,25,25,38,38,27,27,45,45,41,41,30,30,43,43,32,32,46,46,26,26,35,35,28,28,37,37,47,47,31,31,40,40,33,33,42,42
cut_copper_stairs|24,24,25,25,26,26,27,27,28,28,29,29,30,30,31,31,32,32,33,33,34,34,35,35,36,36,37,37,38,38,39,39,40,40,41,41,42,42,43,43,44,44,36,36,25,25,38,38,27,27,45,45,41,41,30,30,43,43,32,32,46,46,26,26,35,35,28,28,37,37,47,47,31,31,40,40,33,33,42,42
oxidized_cut_copper_slab|178,178,63,63,1,1
weathered_cut_copper_slab|178,178,63,63,1,1
exposed_cut_copper_slab|178,178,63,63,1,1
cut_copper_slab|178,178,63,63,1,1
waxed_copper_block|1
waxed_weathered_copper|1
waxed_exposed_copper|1
waxed_oxidized_copper|1
waxed_oxidized_cut_copper|1
waxed_weathered_cut_copper|1
waxed_exposed_cut_copper|1
waxed_cut_copper|1
waxed_oxidized_cut_copper_stairs|24,24,25,25,26,26,27,27,28,28,29,29,30,30,31,31,32,32,33,33,34,34,35,35,36,36,37,37,38,38,39,39,40,40,41,41,42,42,43,43,44,44,36,36,25,25,38,38,27,27,45,45,41,41,30,30,43,43,32,32,46,46,26,26,35,35,28,28,37,37,47,47,31,31,40,40,33,33,42,42
waxed_weathered_cut_copper_stairs|24,24,25,25,26,26,27,27,28,28,29,29,30,30,31,31,32,32,33,33,34,34,35,35,36,36,37,37,38,38,39,39,40,40,41,41,42,42,43,43,44,44,36,36,25,25,38,38,27,27,45,45,41,41,30,30,43,43,32,32,46,46,26,26,35,35,28,28,37,37,47,47,31,31,40,40,33,33,42,42
waxed_exposed_cut_copper_stairs|24,24,25,25,26,26,27,27,28,28,29,29,30,30,31,31,32,32,33,33,34,34,35,35,36,36,37,37,38,38,39,39,40,40,41,41,42,42,43,43,44,44,36,36,25,25,38,38,27,27,45,45,41,41,30,30,43,43,32,32,46,46,26,26,35,35,28,28,37,37,47,47,31,31,40,40,33,33,42,42
waxed_cut_copper_stairs|24,24,25,25,26,26,27,27,28,28,29,29,30,30,31,31,32,32,33,33,34,34,35,35,36,36,37,37,38,38,39,39,40,40,41,41,42,42,43,43,44,44,36,36,25,25,38,38,27,27,45,45,41,41,30,30,43,43,32,32,46,46,26,26,35,35,28,28,37,37,47,47,31,31,40,40,33,33,42,42
waxed_oxidized_cut_copper_slab|178,178,63,63,1,1
waxed_weathered_cut_copper_slab|178,178,63,63,1,1
waxed_exposed_cut_copper_slab|178,178,63,63,1,1
waxed_cut_copper_slab|178,178,63,63,1,1
copper_door|54,54,55,55,56,56,55,55,54,54,55,55,56,56,55,55,56,56,57,57,54,54,57,57,56,56,57,57,54,54,57,57,55,55,56,56,57,57,56,56,55,55,56,56,57,57,56,56,57,57,54,54,55,55,54,54,57,57,54,54,55,55,54,54
exposed_copper_door|54,54,55,55,56,56,55,55,54,54,55,55,56,56,55,55,56,56,57,57,54,54,57,57,56,56,57,57,54,54,57,57,55,55,56,56,57,57,56,56,55,55,56,56,57,57,56,56,57,57,54,54,55,55,54,54,57,57,54,54,55,55,54,54
oxidized_copper_door|54,54,55,55,56,56,55,55,54,54,55,55,56,56,55,55,56,56,57,57,54,54,57,57,56,56,57,57,54,54,57,57,55,55,56,56,57,57,56,56,55,55,56,56,57,57,56,56,57,57,54,54,55,55,54,54,57,57,54,54,55,55,54,54
weathered_copper_door|54,54,55,55,56,56,55,55,54,54,55,55,56,56,55,55,56,56,57,57,54,54,57,57,56,56,57,57,54,54,57,57,55,55,56,56,57,57,56,56,55,55,56,56,57,57,56,56,57,57,54,54,55,55,54,54,57,57,54,54,55,55,54,54
waxed_copper_door|54,54,55,55,56,56,55,55,54,54,55,55,56,56,55,55,56,56,57,57,54,54,57,57,56,56,57,57,54,54,57,57,55,55,56,56,57,57,56,56,55,55,56,56,57,57,56,56,57,57,54,54,55,55,54,54,57,57,54,54,55,55,54,54
waxed_exposed_copper_door|54,54,55,55,56,56,55,55,54,54,55,55,56,56,55,55,56,56,57,57,54,54,57,57,56,56,57,57,54,54,57,57,55,55,56,56,57,57,56,56,55,55,56,56,57,57,56,56,57,57,54,54,55,55,54,54,57,57,54,54,55,55,54,54
waxed_oxidized_copper_door|54,54,55,55,56,56,55,55,54,54,55,55,56,56,55,55,56,56,57,57,54,54,57,57,56,56,57,57,54,54,57,57,55,55,56,56,57,57,56,56,55,55,56,56,57,57,56,56,57,57,54,54,55,55,54,54,57,57,54,54,55,55,54,54
waxed_weathered_copper_door|54,54,55,55,56,56,55,55,54,54,55,55,56,56,55,55,56,56,57,57,54,54,57,57,56,56,57,57,54,54,57,57,55,55,56,56,57,57,56,56,55,55,56,56,57,57,56,56,57,57,54,54,55,55,54,54,57,57,54,54,55,55,54,54
copper_trapdoor|55,55,55,55,90,90,90,90,55,55,55,55,91,91,91,91,57,57,57,57,90,90,90,90,57,57,57,57,91,91,91,91,56,56,56,56,90,90,90,90,56,56,56,56,91,91,91,91,54,54,54,54,90,90,90,90,54,54,54,54,91,91,91,91
exposed_copper_trapdoor|55,55,55,55,90,90,90,90,55,55,55,55,91,91,91,91,57,57,57,57,90,90,90,90,57,57,57,57,91,91,91,91,56,56,56,56,90,90,90,90,56,56,56,56,91,91,91,91,54,54,54,54,90,90,90,90,54,54,54,54,91,91,91,91
oxidized_copper_trapdoor|55,55,55,55,90,90,90,90,55,55,55,55,91,91,91,91,57,57,57,57,90,90,90,90,57,57,57,57,91,91,91,91,56,56,56,56,90,90,90,90,56,56,56,56,91,91,91,91,54,54,54,54,90,90,90,90,54,54,54,54,91,91,91,91
weathered_copper_trapdoor|55,55,55,55,90,90,90,90,55,55,55,55,91,91,91,91,57,57,57,57,90,90,90,90,57,57,57,57,91,91,91,91,56,56,56,56,90,90,90,90,56,56,56,56,91,91,91,91,54,54,54,54,90,90,90,90,54,54,54,54,91,91,91,91
waxed_copper_trapdoor|55,55,55,55,90,90,90,90,55,55,55,55,91,91,91,91,57,57,57,57,90,90,90,90,57,57,57,57,91,91,91,91,56,56,56,56,90,90,90,90,56,56,56,56,91,91,91,91,54,54,54,54,90,90,90,90,54,54,54,54,91,91,91,91
waxed_exposed_copper_trapdoor|55,55,55,55,90,90,90,90,55,55,55,55,91,91,91,91,57,57,57,57,90,90,90,90,57,57,57,57,91,91,91,91,56,56,56,56,90,90,90,90,56,56,56,56,91,91,91,91,54,54,54,54,90,90,90,90,54,54,54,54,91,91,91,91
waxed_oxidized_copper_trapdoor|55,55,55,55,90,90,90,90,55,55,55,55,91,91,91,91,57,57,57,57,90,90,90,90,57,57,57,57,91,91,91,91,56,56,56,56,90,90,90,90,56,56,56,56,91,91,91,91,54,54,54,54,90,90,90,90,54,54,54,54,91,91,91,91
waxed_weathered_copper_trapdoor|55,55,55,55,90,90,90,90,55,55,55,55,91,91,91,91,57,57,57,57,90,90,90,90,57,57,57,57,91,91,91,91,56,56,56,56,90,90,90,90,56,56,56,56,91,91,91,91,54,54,54,54,90,90,90,90,54,54,54,54,91,91,91,91
copper_grate|1
exposed_copper_grate|1
weathered_copper_grate|1
oxidized_copper_grate|1
waxed_copper_grate|1
waxed_exposed_copper_grate|1
waxed_weathered_copper_grate|1
waxed_oxidized_copper_grate|1
copper_bulb|1
exposed_copper_bulb|1
weathered_copper_bulb|1
oxidized_copper_bulb|1
waxed_copper_bulb|1
waxed_exposed_copper_bulb|1
waxed_weathered_copper_bulb|1
waxed_oxidized_copper_bulb|1
lightning_rod|180,180,180,180,181,181,181,181,180,180,180,180,181,181,181,181,182,182,182,182,182,182,182,182
pointed_dripstone|310,310,310,310,311,311,312,312,313,313,313,313,212,212,212,212,314,314,314,314
dripstone_block|1
cave_vines|0
cave_vines_plant|0
spore_blossom|0
azalea|315
flowering_azalea|315
moss_carpet|179
pink_petals|0
moss_block|1
big_dripleaf|316,316,316,316,317,317,0,0,316,316,316,316,317,317,0,0,316,316,316,316,317,317,0,0,316,316,316,316,317,317,0,0
big_dripleaf_stem|0
small_dripleaf|0
hanging_roots|0
rooted_dirt|1
mud|65
deepslate|1
cobbled_deepslate|1
cobbled_deepslate_stairs|24,24,25,25,26,26,27,27,28,28,29,29,30,30,31,31,32,32,33,33,34,34,35,35,36,36,37,37,38,38,39,39,40,40,41,41,42,42,43,43,44,44,36,36,25,25,38,38,27,27,45,45,41,41,30,30,43,43,32,32,46,46,26,26,35,35,28,28,37,37,47,47,31,31,40,40,33,33,42,42
cobbled_deepslate_slab|178,178,63,63,1,1
cobbled_deepslate_wall|129,130,130,129,130,130,0,131,131,0,131,131,132,133,133,132,133,133,134,135,135,134,135,135,132,133,133,132,133,133,134,135,135,134,135,135,136,137,137,136,137,137,138,139,139,138,139,139,140,141,141,140,141,141,142,143,143,142,143,143,140,141,141,140,141,141,142,143,143,142,143,143,136,137,137,136,137,137,138,139,139,138,139,139,140,141,141,140,141,141,142,143,143,142,143,143,140,141,141,140,141,141,142,143,143,142,143,143,144,145,145,144,145,145,146,147,147,146,147,147,148,149,149,148,149,149,150,151,151,150,151,151,148,149,149,148,149,149,150,151,151,150,151,151,152,153,153,152,153,153,154,155,155,154,155,155,156,157,157,156,157,157,158,159,159,158,159,159,156,157,157,156,157,157,158,159,159,158,159,159,152,153,153,152,153,153,154,155,155,154,155,155,156,157,157,156,157,157,158,159,159,158,159,159,156,157,157,156,157,157,158,159,159,158,159,159,144,145,145,144,145,145,146,147,147,146,147,147,148,149,149,148,149,149,150,151,151,150,151,151,148,149,149,148,149,149,150,151,151,150,151,151,152,153,153,152,153,153,154,155,155,154,155,155,156,157,157,156,157,157,158,159,159,158,159,159,156,157,157,156,157,157,158,159,159,158,159,159,152,153,153,152,153,153,154,155,155,154,155,155,156,157,157,156,157,157,158,159,159,158,159,159,156,157,157,156,157,157,158,159,159,158,159,159
polished_deepslate|1
polished_deepslate_stairs|24,24,25,25,26,26,27,27,28,28,29,29,30,30,31,31,32,32,33,33,34,34,35,35,36,36,37,37,38,38,39,39,40,40,41,41,42,42,43,43,44,44,36,36,25,25,38,38,27,27,45,45,41,41,30,30,43,43,32,32,46,46,26,26,35,35,28,28,37,37,47,47,31,31,40,40,33,33,42,42
polished_deepslate_slab|178,178,63,63,1,1
polished_deepslate_wall|129,130,130,129,130,130,0,131,131,0,131,131,132,133,133,132,133,133,134,135,135,134,135,135,132,133,133,132,133,133,134,135,135,134,135,135,136,137,137,136,137,137,138,139,139,138,139,139,140,141,141,140,141,141,142,143,143,142,143,143,140,141,141,140,141,141,142,143,143,142,143,143,136,137,137,136,137,137,138,139,139,138,139,139,140,141,141,140,141,141,142,143,143,142,143,143,140,141,141,140,141,141,142,143,143,142,143,143,144,145,145,144,145,145,146,147,147,146,147,147,148,149,149,148,149,149,150,151,151,150,151,151,148,149,149,148,149,149,150,151,151,150,151,151,152,153,153,152,153,153,154,155,155,154,155,155,156,157,157,156,157,157,158,159,159,158,159,159,156,157,157,156,157,157,158,159,159,158,159,159,152,153,153,152,153,153,154,155,155,154,155,155,156,157,157,156,157,157,158,159,159,158,159,159,156,157,157,156,157,157,158,159,159,158,159,159,144,145,145,144,145,145,146,147,147,146,147,147,148,149,149,148,149,149,150,151,151,150,151,151,148,149,149,148,149,149,150,151,151,150,151,151,152,153,153,152,153,153,154,155,155,154,155,155,156,157,157,156,157,157,158,159,159,158,159,159,156,157,157,156,157,157,158,159,159,158,159,159,152,153,153,152,153,153,154,155,155,154,155,155,156,157,157,156,157,157,158,159,159,158,159,159,156,157,157,156,157,157,158,159,159,158,159,159
deepslate_tiles|1
deepslate_tile_stairs|24,24,25,25,26,26,27,27,28,28,29,29,30,30,31,31,32,32,33,33,34,34,35,35,36,36,37,37,38,38,39,39,40,40,41,41,42,42,43,43,44,44,36,36,25,25,38,38,27,27,45,45,41,41,30,30,43,43,32,32,46,46,26,26,35,35,28,28,37,37,47,47,31,31,40,40,33,33,42,42
deepslate_tile_slab|178,178,63,63,1,1
deepslate_tile_wall|129,130,130,129,130,130,0,131,131,0,131,131,132,133,133,132,133,133,134,135,135,134,135,135,132,133,133,132,133,133,134,135,135,134,135,135,136,137,137,136,137,137,138,139,139,138,139,139,140,141,141,140,141,141,142,143,143,142,143,143,140,141,141,140,141,141,142,143,143,142,143,143,136,137,137,136,137,137,138,139,139,138,139,139,140,141,141,140,141,141,142,143,143,142,143,143,140,141,141,140,141,141,142,143,143,142,143,143,144,145,145,144,145,145,146,147,147,146,147,147,148,149,149,148,149,149,150,151,151,150,151,151,148,149,149,148,149,149,150,151,151,150,151,151,152,153,153,152,153,153,154,155,155,154,155,155,156,157,157,156,157,157,158,159,159,158,159,159,156,157,157,156,157,157,158,159,159,158,159,159,152,153,153,152,153,153,154,155,155,154,155,155,156,157,157,156,157,157,158,159,159,158,159,159,156,157,157,156,157,157,158,159,159,158,159,159,144,145,145,144,145,145,146,147,147,146,147,147,148,149,149,148,149,149,150,151,151,150,151,151,148,149,149,148,149,149,150,151,151,150,151,151,152,153,153,152,153,153,154,155,155,154,155,155,156,157,157,156,157,157,158,159,159,158,159,159,156,157,157,156,157,157,158,159,159,158,159,159,152,153,153,152,153,153,154,155,155,154,155,155,156,157,157,156,157,157,158,159,159,158,159,159,156,157,157,156,157,157,158,159,159,158,159,159
deepslate_bricks|1
deepslate_brick_stairs|24,24,25,25,26,26,27,27,28,28,29,29,30,30,31,31,32,32,33,33,34,34,35,35,36,36,37,37,38,38,39,39,40,40,41,41,42,42,43,43,44,44,36,36,25,25,38,38,27,27,45,45,41,41,30,30,43,43,32,32,46,46,26,26,35,35,28,28,37,37,47,47,31,31,40,40,33,33,42,42
deepslate_brick_slab|178,178,63,63,1,1
deepslate_brick_wall|129,130,130,129,130,130,0,131,131,0,131,131,132,133,133,132,133,133,134,135,135,134,135,135,132,133,133,132,133,133,134,135,135,134,135,135,136,137,137,136,137,137,138,139,139,138,139,139,140,141,141,140,141,141,142,143,143,142,143,143,140,141,141,140,141,141,142,143,143,142,143,143,136,137,137,136,137,137,138,139,139,138,139,139,140,141,141,140,141,141,142,143,143,142,143,143,140,141,141,140,141,141,142,143,143,142,143,143,144,145,145,144,145,145,146,147,147,146,147,147,148,149,149,148,149,149,150,151,151,150,151,151,148,149,149,148,149,149,150,151,151,150,151,151,152,153,153,152,153,153,154,155,155,154,155,155,156,157,157,156,157,157,158,159,159,158,159,159,156,157,157,156,157,157,158,159,159,158,159,159,152,153,153,152,153,153,154,155,155,154,155,155,156,157,157,156,157,157,158,159,159,158,159,159,156,157,157,156,157,157,158,159,159,158,159,159,144,145,145,144,145,145,146,147,147,146,147,147,148,149,149,148,149,149,150,151,151,150,151,151,148,149,149,148,149,149,150,151,151,150,151,151,152,153,153,152,153,153,154,155,155,154,155,155,156,157,157,156,157,157,158,159,159,158,159,159,156,157,157,156,157,157,158,159,159,158,159,159,152,153,153,152,153,153,154,155,155,154,155,155,156,157,157,156,157,157,158,159,159,158,159,159,156,157,157,156,157,157,158,159,159,158,159,159
chiseled_deepslate|1
cracked_deepslate_bricks|1
cracked_deepslate_tiles|1
infested_deepslate|1
smooth_basalt|1
raw_iron_block|1
raw_copper_block|1
raw_gold_block|1
potted_azalea_bush|160
potted_flowering_azalea_bush|160
ochre_froglight|1
verdant_froglight|1
pearlescent_froglight|1
frogspawn|0
reinforced_deepslate|1
decorated_pot|116
crafter|1
trial_spawner|1
