0
1|0.0,0.0,0.0,1.0,1.0,1.0
2|0.0,0.0,0.0,0.1875,0.5625,0.1875|0.8125,0.0,0.0,1.0,0.5625,0.1875|0.0,0.1875,0.1875,1.0,0.5625,1.0|0.1875,0.1875,0.0,0.8125,0.5625,0.1875
3|0.0,0.0,0.8125,0.1875,0.5625,1.0|0.8125,0.0,0.8125,1.0,0.5625,1.0|0.0,0.1875,0.0,1.0,0.5625,0.8125|0.1875,0.1875,0.8125,0.8125,0.5625,1.0
4|0.0,0.0,0.0,0.1875,0.5625,0.1875|0.0,0.0,0.8125,0.1875,0.5625,1.0|0.0,0.1875,0.1875,1.0,0.5625,0.8125|0.1875,0.1875,0.0,1.0,0.5625,0.1875|0.1875,0.1875,0.8125,1.0,0.5625,1.0
5|0.8125,0.0,0.0,1.0,0.5625,0.1875|0.8125,0.0,0.8125,1.0,0.5625,1.0|0.0,0.1875,0.0,0.8125,0.5625,1.0|0.8125,0.1875,0.1875,1.0,0.5625,0.8125
6|0.0,0.0,0.25,1.0,1.0,1.0
7|0.0,0.0,0.0,0.75,1.0,1.0
8|0.0,0.0,0.0,1.0,1.0,0.75
9|0.25,0.0,0.0,1.0,1.0,1.0
10|0.0,0.0,0.0,1.0,0.75,1.0
11|0.0,0.25,0.0,1.0,1.0,1.0
12|0.0,0.0,0.0,1.0,1.0,0.25|0.375,0.375,0.25,0.625,0.625,1.0
13|0.0,0.0,0.0,1.0,1.0,0.25|0.375,0.375,0.25,0.625,0.625,1.25
14|0.75,0.0,0.0,1.0,1.0,1.0|0.0,0.375,0.375,0.75,0.625,0.625
15|0.75,0.0,0.0,1.0,1.0,1.0|-0.25,0.375,0.375,0.75,0.625,0.625
16|0.0,0.0,0.75,1.0,1.0,1.0|0.375,0.375,0.0,0.625,0.625,0.75
17|0.0,0.0,0.75,1.0,1.0,1.0|0.375,0.375,-0.25,0.625,0.625,0.75
18|0.0,0.0,0.0,0.25,1.0,1.0|0.25,0.375,0.375,1.0,0.625,0.625
19|0.0,0.0,0.0,0.25,1.0,1.0|0.25,0.375,0.375,1.25,0.625,0.625
20|0.375,0.0,0.375,0.625,1.0,0.625|0.0,0.75,0.0,0.375,1.0,1.0|0.375,0.75,0.0,1.0,1.0,0.375|0.375,0.75,0.625,1.0,1.0,1.0|0.625,0.75,0.375,1.0,1.0,0.625
21|0.375,-0.25,0.375,0.625,1.0,0.625|0.0,0.75,0.0,0.375,1.0,1.0|0.375,0.75,0.0,1.0,1.0,0.375|0.375,0.75,0.625,1.0,1.0,1.0|0.625,0.75,0.375,1.0,1.0,0.625
22|0.0,0.0,0.0,1.0,0.25,1.0|0.375,0.25,0.375,0.625,1.0,0.625
23|0.0,0.0,0.0,1.0,0.25,1.0|0.375,0.25,0.375,0.625,1.25,0.625
24|0.0,0.0,0.0,1.0,1.0,0.5|0.0,0.5,0.5,1.0,1.0,1.0
25|0.0,0.0,0.0,0.5,1.0,1.0|0.5,0.0,0.0,1.0,1.0,0.5|0.5,0.5,0.5,1.0,1.0,1.0
26|0.0,0.0,0.0,1.0,1.0,0.5|0.5,0.0,0.5,1.0,1.0,1.0|0.0,0.5,0.5,0.5,1.0,1.0
27|0.0,0.0,0.0,0.5,1.0,0.5|0.0,0.5,0.5,1.0,1.0,1.0|0.5,0.5,0.0,1.0,1.0,0.5
28|0.5,0.0,0.0,1.0,1.0,0.5|0.0,0.5,0.0,0.5,1.0,1.0|0.5,0.5,0.5,1.0,1.0,1.0
29|0.0,0.0,0.0,1.0,0.5,1.0|0.0,0.5,0.0,1.0,1.0,0.5
30|0.0,0.0,0.0,1.0,0.5,1.0|0.0,0.5,0.0,0.5,1.0,1.0|0.5,0.5,0.0,1.0,1.0,0.5
31|0.0,0.0,0.0,1.0,0.5,1.0|0.0,0.5,0.0,1.0,1.0,0.5|0.5,0.5,0.5,1.0,1.0,1.0
32|0.0,0.0,0.0,1.0,0.5,1.0|0.0,0.5,0.0,0.5,1.0,0.5
33|0.0,0.0,0.0,1.0,0.5,1.0|0.5,0.5,0.0,1.0,1.0,0.5
34|0.0,0.0,0.5,1.0,1.0,1.0|0.0,0.5,0.0,1.0,1.0,0.5
35|0.0,0.0,0.5,1.0,1.0,1.0|0.5,0.0,0.0,1.0,1.0,0.5|0.0,0.5,0.0,0.5,1.0,0.5
36|0.0,0.0,0.0,0.5,1.0,1.0|0.5,0.0,0.5,1.0,1.0,1.0|0.5,0.5,0.0,1.0,1.0,0.5
37|0.5,0.0,0.5,1.0,1.0,1.0|0.0,0.5,0.0,0.5,1.0,1.0|0.5,0.5,0.0,1.0,1.0,0.5
38|0.0,0.0,0.5,0.5,1.0,1.0|0.0,0.5,0.0,1.0,1.0,0.5|0.5,0.5,0.5,1.0,1.0,1.0
39|0.0,0.0,0.0,1.0,0.5,1.0|0.0,0.5,0.5,1.0,1.0,1.0
40|0.0,0.0,0.0,1.0,0.5,1.0|0.0,0.5,0.5,1.0,1.0,1.0|0.5,0.5,0.0,1.0,1.0,0.5
41|0.0,0.0,0.0,1.0,0.5,1.0|0.0,0.5,0.0,0.5,1.0,1.0|0.5,0.5,0.5,1.0,1.0,1.0
42|0.0,0.0,0.0,1.0,0.5,1.0|0.5,0.5,0.5,1.0,1.0,1.0
43|0.0,0.0,0.0,1.0,0.5,1.0|0.0,0.5,0.5,0.5,1.0,1.0
44|0.0,0.0,0.0,0.5,1.0,1.0|0.5,0.5,0.0,1.0,1.0,1.0
45|0.0,0.0,0.0,1.0,0.5,1.0|0.0,0.5,0.0,0.5,1.0,1.0
46|0.5,0.0,0.0,1.0,1.0,1.0|0.0,0.5,0.0,0.5,1.0,1.0
47|0.0,0.0,0.0,1.0,0.5,1.0|0.5,0.5,0.0,1.0,1.0,1.0
48|0.0625,0.0,0.0625,0.9375,0.875,0.9375
49|0.0625,0.0,0.0625,1.0,0.875,0.9375
50|0.0,0.0,0.0625,0.9375,0.875,0.9375
51|0.0625,0.0,0.0,0.9375,0.875,0.9375
52|0.0625,0.0,0.0625,0.9375,0.875,1.0
53|0.0,0.0,0.0,1.0,0.9375,1.0
54|0.0,0.0,0.0,0.1875,1.0,1.0
55|0.0,0.0,0.8125,1.0,1.0,1.0
56|0.8125,0.0,0.0,1.0,1.0,1.0
57|0.0,0.0,0.0,1.0,1.0,0.1875
58|0.0,0.875,0.375,1.0,1.0,0.625
59|0.375,0.875,0.0,0.625,1.0,1.0
60|0.0,0.0,0.0,1.0,0.125,1.0
61|0.0,0.0,0.0,1.0,0.25,1.0
62|0.0,0.0,0.0,1.0,0.375,1.0
63|0.0,0.0,0.0,1.0,0.5,1.0
64|0.0,0.0,0.0,1.0,0.625,1.0
65|0.0,0.0,0.0,1.0,0.875,1.0
66|0.0625,0.0,0.0625,0.9375,0.9375,0.9375
67|0.0,0.0,0.375,1.0,1.5,0.625|0.375,0.0,0.0,0.625,1.5,0.375|0.375,0.0,0.625,0.625,1.5,1.0
68|0.375,0.0,0.0,0.625,1.5,1.0|0.625,0.0,0.375,1.0,1.5,0.625
69|0.0,0.0,0.375,1.0,1.5,0.625|0.375,0.0,0.0,0.625,1.5,0.375
70|0.375,0.0,0.0,0.625,1.5,0.625|0.625,0.0,0.375,1.0,1.5,0.625
71|0.0,0.0,0.375,1.0,1.5,0.625|0.375,0.0,0.625,0.625,1.5,1.0
72|0.375,0.0,0.375,0.625,1.5,1.0|0.625,0.0,0.375,1.0,1.5,0.625
73|0.0,0.0,0.375,1.0,1.5,0.625
74|0.375,0.0,0.375,1.0,1.5,0.625
75|0.0,0.0,0.375,0.625,1.5,0.625|0.375,0.0,0.0,0.625,1.5,0.375|0.375,0.0,0.625,0.625,1.5,1.0
76|0.375,0.0,0.0,0.625,1.5,1.0
77|0.0,0.0,0.375,0.625,1.5,0.625|0.375,0.0,0.0,0.625,1.5,0.375
78|0.375,0.0,0.0,0.625,1.5,0.625
79|0.0,0.0,0.375,0.625,1.5,0.625|0.375,0.0,0.625,0.625,1.5,1.0
80|0.375,0.0,0.375,0.625,1.5,1.0
81|0.0,0.0,0.375,0.625,1.5,0.625
82|0.375,0.0,0.375,0.625,1.5,0.625
83|0.0625,0.0,0.0625,0.9375,0.5,0.9375
84|0.1875,0.0,0.0625,0.9375,0.5,0.9375
85|0.3125,0.0,0.0625,0.9375,0.5,0.9375
86|0.4375,0.0,0.0625,0.9375,0.5,0.9375
87|0.5625,0.0,0.0625,0.9375,0.5,0.9375
88|0.6875,0.0,0.0625,0.9375,0.5,0.9375
89|0.8125,0.0,0.0625,0.9375,0.5,0.9375
90|0.0,0.8125,0.0,1.0,1.0,1.0
91|0.0,0.0,0.0,1.0,0.1875,1.0
92|0.0,0.0,0.4375,1.0,1.0,0.5625|0.4375,0.0,0.0,0.5625,1.0,0.4375|0.4375,0.0,0.5625,0.5625,1.0,1.0
93|0.4375,0.0,0.0,0.5625,1.0,1.0|0.5625,0.0,0.4375,1.0,1.0,0.5625
94|0.0,0.0,0.4375,1.0,1.0,0.5625|0.4375,0.0,0.0,0.5625,1.0,0.4375
95|0.4375,0.0,0.0,0.5625,1.0,0.5625|0.5625,0.0,0.4375,1.0,1.0,0.5625
96|0.0,0.0,0.4375,1.0,1.0,0.5625|0.4375,0.0,0.5625,0.5625,1.0,1.0
97|0.4375,0.0,0.4375,0.5625,1.0,1.0|0.5625,0.0,0.4375,1.0,1.0,0.5625
98|0.0,0.0,0.4375,1.0,1.0,0.5625
99|0.4375,0.0,0.4375,1.0,1.0,0.5625
100|0.0,0.0,0.4375,0.5625,1.0,0.5625|0.4375,0.0,0.0,0.5625,1.0,0.4375|0.4375,0.0,0.5625,0.5625,1.0,1.0
101|0.4375,0.0,0.0,0.5625,1.0,1.0
102|0.0,0.0,0.4375,0.5625,1.0,0.5625|0.4375,0.0,0.0,0.5625,1.0,0.4375
103|0.4375,0.0,0.0,0.5625,1.0,0.5625
104|0.0,0.0,0.4375,0.5625,1.0,0.5625|0.4375,0.0,0.5625,0.5625,1.0,1.0
105|0.4375,0.0,0.4375,0.5625,1.0,1.0
106|0.0,0.0,0.4375,0.5625,1.0,0.5625
107|0.4375,0.0,0.4375,0.5625,1.0,0.5625
108|0.0,0.40625,0.40625,1.0,0.59375,0.59375
109|0.40625,0.0,0.40625,0.59375,1.0,0.59375
110|0.40625,0.40625,0.0,0.59375,0.59375,1.0
111|0.0625,0.0,0.0625,0.9375,0.09375,0.9375
112|0.0625,0.0,0.0625,0.9375,0.125,0.9375|0.4375,0.125,0.4375,0.5625,0.875,0.5625
113|0.0,0.0,0.0,0.125,1.0,0.25|0.0,0.0,0.75,0.125,1.0,1.0|0.125,0.0,0.0,0.25,1.0,0.125|0.125,0.0,0.875,0.25,1.0,1.0|0.75,0.0,0.0,1.0,1.0,0.125|0.75,0.0,0.875,1.0,1.0,1.0|0.875,0.0,0.125,1.0,1.0,0.25|0.875,0.0,0.75,1.0,1.0,0.875|0.0,0.1875,0.25,1.0,0.25,0.75|0.125,0.1875,0.125,0.875,0.25,0.25|0.125,0.1875,0.75,0.875,0.25,0.875|0.25,0.1875,0.0,0.75,1.0,0.125|0.25,0.1875,0.875,0.75,1.0,1.0|0.0,0.25,0.25,0.125,1.0,0.75|0.875,0.25,0.25,1.0,1.0,0.75
114|0.0,0.0,0.0,1.0,0.8125,1.0|0.25,0.8125,0.25,0.75,1.0,0.75
115|0.0,0.0,0.0,1.0,0.8125,1.0
116|0.0625,0.0,0.0625,0.9375,1.0,0.9375
117|0.375,0.4375,0.0625,0.625,0.75,0.3125
118|0.375,0.4375,0.6875,0.625,0.75,0.9375
119|0.0625,0.4375,0.375,0.3125,0.75,0.625
120|0.6875,0.4375,0.375,0.9375,0.75,0.625
121|0.3125,0.3125,0.0625,0.6875,0.75,0.4375
122|0.3125,0.3125,0.5625,0.6875,0.75,0.9375
123|0.0625,0.3125,0.3125,0.4375,0.75,0.6875
124|0.5625,0.3125,0.3125,0.9375,0.75,0.6875
125|0.25,0.1875,0.0625,0.75,0.75,0.5625
126|0.25,0.1875,0.4375,0.75,0.75,0.9375
127|0.0625,0.1875,0.25,0.5625,0.75,0.75
128|0.4375,0.1875,0.25,0.9375,0.75,0.75
129|0.25,0.0,0.25,0.75,1.5,0.75
130|0.0,0.0,0.3125,0.75,1.5,0.6875|0.25,0.0,0.25,0.75,1.5,0.3125|0.25,0.0,0.6875,0.75,1.5,0.75
131|0.0,0.0,0.3125,0.6875,1.5,0.6875
132|0.25,0.0,0.25,0.75,1.5,0.75|0.3125,0.0,0.75,0.6875,1.5,1.0
133|0.0,0.0,0.3125,0.75,1.5,0.6875|0.25,0.0,0.25,0.75,1.5,0.3125|0.25,0.0,0.6875,0.75,1.5,0.75|0.3125,0.0,0.75,0.6875,1.5,1.0
134|0.3125,0.0,0.3125,0.6875,1.5,1.0
135|0.0,0.0,0.3125,0.6875,1.5,0.6875|0.3125,0.0,0.6875,0.6875,1.5,1.0
136|0.25,0.0,0.25,0.75,1.5,0.75|0.3125,0.0,0.0,0.6875,1.5,0.25
137|0.0,0.0,0.3125,0.75,1.5,0.6875|0.25,0.0,0.25,0.75,1.5,0.3125|0.25,0.0,0.6875,0.75,1.5,0.75|0.3125,0.0,0.0,0.6875,1.5,0.25
138|0.3125,0.0,0.0,0.6875,1.5,0.6875
139|0.0,0.0,0.3125,0.6875,1.5,0.6875|0.3125,0.0,0.0,0.6875,1.5,0.3125
140|0.25,0.0,0.25,0.75,1.5,0.75|0.3125,0.0,0.0,0.6875,1.5,0.25|0.3125,0.0,0.75,0.6875,1.5,1.0
141|0.0,0.0,0.3125,0.75,1.5,0.6875|0.25,0.0,0.25,0.75,1.5,0.3125|0.25,0.0,0.6875,0.75,1.5,0.75|0.3125,0.0,0.0,0.6875,1.5,0.25|0.3125,0.0,0.75,0.6875,1.5,1.0
142|0.3125,0.0,0.0,0.6875,1.5,1.0
143|0.0,0.0,0.3125,0.6875,1.5,0.6875|0.3125,0.0,0.0,0.6875,1.5,0.3125|0.3125,0.0,0.6875,0.6875,1.5,1.0
144|0.25,0.0,0.25,0.75,1.5,0.75|0.75,0.0,0.3125,1.0,1.5,0.6875
145|0.0,0.0,0.3125,1.0,1.5,0.6875|0.25,0.0,0.25,0.75,1.5,0.3125|0.25,0.0,0.6875,0.75,1.5,0.75
146|0.3125,0.0,0.3125,1.0,1.5,0.6875
147|0.0,0.0,0.3125,1.0,1.5,0.6875
148|0.25,0.0,0.25,0.75,1.5,0.75|0.3125,0.0,0.75,0.6875,1.5,1.0|0.75,0.0,0.3125,1.0,1.5,0.6875
149|0.0,0.0,0.3125,1.0,1.5,0.6875|0.25,0.0,0.25,0.75,1.5,0.3125|0.25,0.0,0.6875,0.75,1.5,0.75|0.3125,0.0,0.75,0.6875,1.5,1.0
150|0.3125,0.0,0.3125,0.6875,1.5,1.0|0.6875,0.0,0.3125,1.0,1.5,0.6875
151|0.0,0.0,0.3125,1.0,1.5,0.6875|0.3125,0.0,0.6875,0.6875,1.5,1.0
152|0.25,0.0,0.25,0.75,1.5,0.75|0.3125,0.0,0.0,0.6875,1.5,0.25|0.75,0.0,0.3125,1.0,1.5,0.6875
153|0.0,0.0,0.3125,1.0,1.5,0.6875|0.25,0.0,0.25,0.75,1.5,0.3125|0.25,0.0,0.6875,0.75,1.5,0.75|0.3125,0.0,0.0,0.6875,1.5,0.25
154|0.3125,0.0,0.0,0.6875,1.5,0.6875|0.6875,0.0,0.3125,1.0,1.5,0.6875
155|0.0,0.0,0.3125,1.0,1.5,0.6875|0.3125,0.0,0.0,0.6875,1.5,0.3125
156|0.25,0.0,0.25,0.75,1.5,0.75|0.3125,0.0,0.0,0.6875,1.5,0.25|0.3125,0.0,0.75,0.6875,1.5,1.0|0.75,0.0,0.3125,1.0,1.5,0.6875
157|0.0,0.0,0.3125,1.0,1.5,0.6875|0.25,0.0,0.25,0.75,1.5,0.3125|0.25,0.0,0.6875,0.75,1.5,0.75|0.3125,0.0,0.0,0.6875,1.5,0.25|0.3125,0.0,0.75,0.6875,1.5,1.0
158|0.3125,0.0,0.0,0.6875,1.5,1.0|0.6875,0.0,0.3125,1.0,1.5,0.6875
159|0.0,0.0,0.3125,1.0,1.5,0.6875|0.3125,0.0,0.0,0.6875,1.5,0.3125|0.3125,0.0,0.6875,0.6875,1.5,1.0
160|0.3125,0.0,0.3125,0.6875,0.375,0.6875
161|0.25,0.0,0.25,0.75,0.5,0.75
162|0.25,0.25,0.5,0.75,0.75,1.0
163|0.25,0.25,0.0,0.75,0.75,0.5
164|0.5,0.25,0.25,1.0,0.75,0.75
165|0.0,0.25,0.25,0.5,0.75,0.75
166|0.1875,0.0,0.1875,0.8125,0.5,0.8125
167|0.1875,0.25,0.5,0.8125,0.75,1.0
168|0.1875,0.25,0.0,0.8125,0.75,0.5
169|0.5,0.25,0.1875,1.0,0.75,0.8125
170|0.0,0.25,0.1875,0.5,0.75,0.8125
171|0.125,0.0,0.125,0.875,0.25,0.875|0.25,0.25,0.1875,0.75,0.3125,0.8125|0.375,0.3125,0.25,0.625,1.0,0.75|0.1875,0.625,0.0,0.375,1.0,1.0|0.375,0.625,0.0,0.8125,1.0,0.25|0.375,0.625,0.75,0.8125,1.0,1.0|0.625,0.625,0.25,0.8125,1.0,0.75
172|0.125,0.0,0.125,0.875,0.25,0.875|0.1875,0.25,0.25,0.8125,0.3125,0.75|0.25,0.3125,0.375,0.75,1.0,0.625|0.0,0.625,0.1875,0.25,1.0,0.8125|0.25,0.625,0.1875,1.0,1.0,0.375|0.25,0.625,0.625,1.0,1.0,0.8125|0.75,0.625,0.375,1.0,1.0,0.625
173|0.375,0.0,0.375,0.625,0.6875,0.625|0.25,0.25,0.25,0.375,0.6875,0.75|0.375,0.25,0.25,0.75,0.6875,0.375|0.375,0.25,0.625,0.75,0.6875,0.75|0.625,0.25,0.375,0.75,0.6875,0.625|0.0,0.625,0.0,0.25,0.6875,1.0|0.25,0.625,0.0,1.0,0.6875,0.25|0.25,0.625,0.75,1.0,0.6875,1.0|0.75,0.625,0.25,1.0,0.6875,0.75|0.0,0.6875,0.0,0.125,1.0,1.0|0.125,0.6875,0.0,1.0,1.0,0.125|0.125,0.6875,0.875,1.0,1.0,1.0|0.875,0.6875,0.125,1.0,1.0,0.875
174|0.25,0.25,0.25,0.75,0.6875,0.75|0.375,0.25,0.0,0.625,0.5,0.25|0.0,0.625,0.0,0.25,0.6875,1.0|0.25,0.625,0.0,1.0,0.6875,0.25|0.25,0.625,0.75,1.0,0.6875,1.0|0.75,0.625,0.25,1.0,0.6875,0.75|0.0,0.6875,0.0,0.125,1.0,1.0|0.125,0.6875,0.0,1.0,1.0,0.125|0.125,0.6875,0.875,1.0,1.0,1.0|0.875,0.6875,0.125,1.0,1.0,0.875
175|0.25,0.25,0.25,0.75,0.6875,0.75|0.375,0.25,0.75,0.625,0.5,1.0|0.0,0.625,0.0,0.25,0.6875,1.0|0.25,0.625,0.0,1.0,0.6875,0.25|0.25,0.625,0.75,1.0,0.6875,1.0|0.75,0.625,0.25,1.0,0.6875,0.75|0.0,0.6875,0.0,0.125,1.0,1.0|0.125,0.6875,0.0,1.0,1.0,0.125|0.125,0.6875,0.875,1.0,1.0,1.0|0.875,0.6875,0.125,1.0,1.0,0.875
176|0.0,0.25,0.375,0.75,0.5,0.625|0.25,0.25,0.25,0.75,0.6875,0.375|0.25,0.25,0.625,0.75,0.6875,0.75|0.25,0.5,0.375,0.75,0.6875,0.625|0.0,0.625,0.0,0.25,0.6875,1.0|0.25,0.625,0.0,1.0,0.6875,0.25|0.25,0.625,0.75,1.0,0.6875,1.0|0.75,0.625,0.25,1.0,0.6875,0.75|0.0,0.6875,0.0,0.125,1.0,1.0|0.125,0.6875,0.0,1.0,1.0,0.125|0.125,0.6875,0.875,1.0,1.0,1.0|0.875,0.6875,0.125,1.0,1.0,0.875
177|0.25,0.25,0.25,0.75,0.6875,0.75|0.75,0.25,0.375,1.0,0.5,0.625|0.0,0.625,0.0,0.25,0.6875,1.0|0.25,0.625,0.0,1.0,0.6875,0.25|0.25,0.625,0.75,1.0,0.6875,1.0|0.75,0.625,0.25,1.0,0.6875,0.75|0.0,0.6875,0.0,0.125,1.0,1.0|0.125,0.6875,0.0,1.0,1.0,0.125|0.125,0.6875,0.875,1.0,1.0,1.0|0.875,0.6875,0.125,1.0,1.0,0.875
178|0.0,0.5,0.0,1.0,1.0,1.0
179|0.0,0.0,0.0,1.0,0.0625,1.0
180|0.375,0.375,0.0,0.625,0.625,1.0
181|0.0,0.375,0.375,1.0,0.625,0.625
182|0.375,0.0,0.375,0.625,1.0,0.625
183|0.1875,0.0,0.1875,0.8125,1.0,0.8125|0.0,0.1875,0.1875,0.1875,0.8125,0.8125|0.1875,0.1875,0.0,0.8125,0.8125,0.1875|0.1875,0.1875,0.8125,0.8125,0.8125,1.0|0.8125,0.1875,0.1875,1.0,0.8125,0.8125
184|0.1875,0.0,0.1875,0.8125,1.0,0.8125|0.1875,0.1875,0.0,0.8125,0.8125,0.1875|0.1875,0.1875,0.8125,0.8125,0.8125,1.0|0.8125,0.1875,0.1875,1.0,0.8125,0.8125
185|0.1875,0.0,0.1875,0.8125,0.8125,0.8125|0.0,0.1875,0.1875,0.1875,0.8125,0.8125|0.1875,0.1875,0.0,0.8125,0.8125,0.1875|0.1875,0.1875,0.8125,0.8125,0.8125,1.0|0.8125,0.1875,0.1875,1.0,0.8125,0.8125
186|0.1875,0.0,0.1875,0.8125,0.8125,0.8125|0.1875,0.1875,0.0,0.8125,0.8125,0.1875|0.1875,0.1875,0.8125,0.8125,0.8125,1.0|0.8125,0.1875,0.1875,1.0,0.8125,0.8125
187|0.1875,0.0,0.1875,0.8125,1.0,0.8125|0.0,0.1875,0.1875,0.1875,0.8125,0.8125|0.1875,0.1875,0.0,0.8125,0.8125,0.1875|0.8125,0.1875,0.1875,1.0,0.8125,0.8125
188|0.1875,0.0,0.1875,0.8125,1.0,0.8125|0.1875,0.1875,0.0,0.8125,0.8125,0.1875|0.8125,0.1875,0.1875,1.0,0.8125,0.8125
189|0.1875,0.0,0.1875,0.8125,0.8125,0.8125|0.0,0.1875,0.1875,0.1875,0.8125,0.8125|0.1875,0.1875,0.0,0.8125,0.8125,0.1875|0.8125,0.1875,0.1875,1.0,0.8125,0.8125
190|0.1875,0.0,0.1875,0.8125,0.8125,0.8125|0.1875,0.1875,0.0,0.8125,0.8125,0.1875|0.8125,0.1875,0.1875,1.0,0.8125,0.8125
191|0.1875,0.0,0.1875,0.8125,1.0,0.8125|0.0,0.1875,0.1875,0.1875,0.8125,0.8125|0.1875,0.1875,0.8125,0.8125,0.8125,1.0|0.8125,0.1875,0.1875,1.0,0.8125,0.8125
192|0.1875,0.0,0.1875,0.8125,1.0,0.8125|0.1875,0.1875,0.8125,0.8125,0.8125,1.0|0.8125,0.1875,0.1875,1.0,0.8125,0.8125
193|0.1875,0.0,0.1875,0.8125,0.8125,0.8125|0.0,0.1875,0.1875,0.1875,0.8125,0.8125|0.1875,0.1875,0.8125,0.8125,0.8125,1.0|0.8125,0.1875,0.1875,1.0,0.8125,0.8125
194|0.1875,0.0,0.1875,0.8125,0.8125,0.8125|0.1875,0.1875,0.8125,0.8125,0.8125,1.0|0.8125,0.1875,0.1875,1.0,0.8125,0.8125
195|0.1875,0.0,0.1875,0.8125,1.0,0.8125|0.0,0.1875,0.1875,0.1875,0.8125,0.8125|0.8125,0.1875,0.1875,1.0,0.8125,0.8125
196|0.1875,0.0,0.1875,0.8125,1.0,0.8125|0.8125,0.1875,0.1875,1.0,0.8125,0.8125
197|0.1875,0.0,0.1875,0.8125,0.8125,0.8125|0.0,0.1875,0.1875,0.1875,0.8125,0.8125|0.8125,0.1875,0.1875,1.0,0.8125,0.8125
198|0.1875,0.0,0.1875,0.8125,0.8125,0.8125|0.8125,0.1875,0.1875,1.0,0.8125,0.8125
199|0.1875,0.0,0.1875,0.8125,1.0,0.8125|0.0,0.1875,0.1875,0.1875,0.8125,0.8125|0.1875,0.1875,0.0,0.8125,0.8125,0.1875|0.1875,0.1875,0.8125,0.8125,0.8125,1.0
200|0.1875,0.0,0.1875,0.8125,1.0,0.8125|0.1875,0.1875,0.0,0.8125,0.8125,0.1875|0.1875,0.1875,0.8125,0.8125,0.8125,1.0
201|0.1875,0.0,0.1875,0.8125,0.8125,0.8125|0.0,0.1875,0.1875,0.1875,0.8125,0.8125|0.1875,0.1875,0.0,0.8125,0.8125,0.1875|0.1875,0.1875,0.8125,0.8125,0.8125,1.0
202|0.1875,0.0,0.1875,0.8125,0.8125,0.8125|0.1875,0.1875,0.0,0.8125,0.8125,0.1875|0.1875,0.1875,0.8125,0.8125,0.8125,1.0
203|0.1875,0.0,0.1875,0.8125,1.0,0.8125|0.0,0.1875,0.1875,0.1875,0.8125,0.8125|0.1875,0.1875,0.0,0.8125,0.8125,0.1875
204|0.1875,0.0,0.1875,0.8125,1.0,0.8125|0.1875,0.1875,0.0,0.8125,0.8125,0.1875
205|0.1875,0.0,0.1875,0.8125,0.8125,0.8125|0.0,0.1875,0.1875,0.1875,0.8125,0.8125|0.1875,0.1875,0.0,0.8125,0.8125,0.1875
206|0.1875,0.0,0.1875,0.8125,0.8125,0.8125|0.1875,0.1875,0.0,0.8125,0.8125,0.1875
207|0.1875,0.0,0.1875,0.8125,1.0,0.8125|0.0,0.1875,0.1875,0.1875,0.8125,0.8125|0.1875,0.1875,0.8125,0.8125,0.8125,1.0
208|0.1875,0.0,0.1875,0.8125,1.0,0.8125|0.1875,0.1875,0.8125,0.8125,0.8125,1.0
209|0.1875,0.0,0.1875,0.8125,0.8125,0.8125|0.0,0.1875,0.1875,0.1875,0.8125,0.8125|0.1875,0.1875,0.8125,0.8125,0.8125,1.0
210|0.1875,0.0,0.1875,0.8125,0.8125,0.8125|0.1875,0.1875,0.8125,0.8125,0.8125,1.0
211|0.1875,0.0,0.1875,0.8125,1.0,0.8125|0.0,0.1875,0.1875,0.1875,0.8125,0.8125
212|0.1875,0.0,0.1875,0.8125,1.0,0.8125
213|0.1875,0.0,0.1875,0.8125,0.8125,0.8125|0.0,0.1875,0.1875,0.1875,0.8125,0.8125
214|0.1875,0.0,0.1875,0.8125,0.8125,0.8125
215|0.0,0.1875,0.1875,1.0,0.8125,0.8125|0.1875,0.1875,0.0,0.8125,0.8125,0.1875|0.1875,0.1875,0.8125,0.8125,0.8125,1.0|0.1875,0.8125,0.1875,0.8125,1.0,0.8125
216|0.1875,0.1875,0.0,0.8125,0.8125,1.0|0.8125,0.1875,0.1875,1.0,0.8125,0.8125|0.1875,0.8125,0.1875,0.8125,1.0,0.8125
217|0.0,0.1875,0.1875,1.0,0.8125,0.8125|0.1875,0.1875,0.0,0.8125,0.8125,0.1875|0.1875,0.1875,0.8125,0.8125,0.8125,1.0
218|0.1875,0.1875,0.0,0.8125,0.8125,1.0|0.8125,0.1875,0.1875,1.0,0.8125,0.8125
219|0.0,0.1875,0.1875,1.0,0.8125,0.8125|0.1875,0.1875,0.0,0.8125,0.8125,0.1875|0.1875,0.8125,0.1875,0.8125,1.0,0.8125
220|0.1875,0.1875,0.0,0.8125,0.8125,0.8125|0.8125,0.1875,0.1875,1.0,0.8125,0.8125|0.1875,0.8125,0.1875,0.8125,1.0,0.8125
221|0.0,0.1875,0.1875,1.0,0.8125,0.8125|0.1875,0.1875,0.0,0.8125,0.8125,0.1875
222|0.1875,0.1875,0.0,0.8125,0.8125,0.8125|0.8125,0.1875,0.1875,1.0,0.8125,0.8125
223|0.0,0.1875,0.1875,1.0,0.8125,0.8125|0.1875,0.1875,0.8125,0.8125,0.8125,1.0|0.1875,0.8125,0.1875,0.8125,1.0,0.8125
224|0.1875,0.1875,0.1875,0.8125,0.8125,1.0|0.8125,0.1875,0.1875,1.0,0.8125,0.8125|0.1875,0.8125,0.1875,0.8125,1.0,0.8125
225|0.0,0.1875,0.1875,1.0,0.8125,0.8125|0.1875,0.1875,0.8125,0.8125,0.8125,1.0
226|0.1875,0.1875,0.1875,0.8125,0.8125,1.0|0.8125,0.1875,0.1875,1.0,0.8125,0.8125
227|0.0,0.1875,0.1875,1.0,0.8125,0.8125|0.1875,0.8125,0.1875,0.8125,1.0,0.8125
228|0.1875,0.1875,0.1875,1.0,0.8125,0.8125|0.1875,0.8125,0.1875,0.8125,1.0,0.8125
229|0.0,0.1875,0.1875,1.0,0.8125,0.8125
230|0.1875,0.1875,0.1875,1.0,0.8125,0.8125
231|0.0,0.1875,0.1875,0.8125,0.8125,0.8125|0.1875,0.1875,0.0,0.8125,0.8125,0.1875|0.1875,0.1875,0.8125,0.8125,0.8125,1.0|0.1875,0.8125,0.1875,0.8125,1.0,0.8125
232|0.1875,0.1875,0.0,0.8125,0.8125,1.0|0.1875,0.8125,0.1875,0.8125,1.0,0.8125
233|0.0,0.1875,0.1875,0.8125,0.8125,0.8125|0.1875,0.1875,0.0,0.8125,0.8125,0.1875|0.1875,0.1875,0.8125,0.8125,0.8125,1.0
234|0.1875,0.1875,0.0,0.8125,0.8125,1.0
235|0.0,0.1875,0.1875,0.8125,0.8125,0.8125|0.1875,0.1875,0.0,0.8125,0.8125,0.1875|0.1875,0.8125,0.1875,0.8125,1.0,0.8125
236|0.1875,0.1875,0.0,0.8125,0.8125,0.8125|0.1875,0.8125,0.1875,0.8125,1.0,0.8125
237|0.0,0.1875,0.1875,0.8125,0.8125,0.8125|0.1875,0.1875,0.0,0.8125,0.8125,0.1875
238|0.1875,0.1875,0.0,0.8125,0.8125,0.8125
239|0.0,0.1875,0.1875,0.8125,0.8125,0.8125|0.1875,0.1875,0.8125,0.8125,0.8125,1.0|0.1875,0.8125,0.1875,0.8125,1.0,0.8125
240|0.1875,0.1875,0.1875,0.8125,0.8125,1.0|0.1875,0.8125,0.1875,0.8125,1.0,0.8125
241|0.0,0.1875,0.1875,0.8125,0.8125,0.8125|0.1875,0.1875,0.8125,0.8125,0.8125,1.0
242|0.1875,0.1875,0.1875,0.8125,0.8125,1.0
243|0.0,0.1875,0.1875,0.8125,0.8125,0.8125|0.1875,0.8125,0.1875,0.8125,1.0,0.8125
244|0.1875,0.1875,0.1875,0.8125,1.0,0.8125
245|0.0,0.1875,0.1875,0.8125,0.8125,0.8125
246|0.1875,0.1875,0.1875,0.8125,0.8125,0.8125
247|0.3125,-0.0625,0.3125,0.6875,0.1875,0.6875
248|0.1875,-0.0625,0.1875,0.8125,0.3125,0.8125
249|0.1875,0.0,0.1875,0.75,0.4375,0.75
250|0.0625,0.0,0.0625,0.9375,0.4375,0.9375
251|0.0625,0.0,0.125,0.9375,1.0,0.875
252|0.375,0.0,0.375,0.625,0.375,0.625
253|0.1875,0.0,0.1875,0.8125,0.375,0.8125
254|0.125,0.0,0.125,0.875,0.375,0.875
255|0.125,0.0,0.125,0.875,0.4375,0.875
256|0.3125,0.3125,0.3125,0.6875,0.6875,0.6875
257|0.0,0.0,0.0,0.125,1.0,0.125|0.0,0.0,0.875,0.125,1.0,1.0|0.875,0.0,0.0,1.0,1.0,0.125|0.875,0.0,0.875,1.0,1.0,1.0|0.0,0.875,0.125,1.0,1.0,0.875|0.125,0.875,0.0,0.875,1.0,0.125|0.125,0.875,0.875,0.875,1.0,1.0
258|0.125,0.0,0.375,0.25,0.8125,0.625|0.75,0.0,0.375,0.875,0.8125,0.625|0.25,0.25,0.125,0.75,1.0,0.875|0.125,0.4375,0.3125,0.25,0.8125,0.375|0.125,0.4375,0.625,0.25,0.8125,0.6875|0.75,0.4375,0.3125,0.875,0.8125,0.375|0.75,0.4375,0.625,0.875,0.8125,0.6875
259|0.375,0.0,0.125,0.625,0.8125,0.25|0.375,0.0,0.75,0.625,0.8125,0.875|0.125,0.25,0.25,0.875,1.0,0.75|0.3125,0.4375,0.125,0.375,0.8125,0.25|0.3125,0.4375,0.75,0.375,0.8125,0.875|0.625,0.4375,0.125,0.6875,0.8125,0.25|0.625,0.4375,0.75,0.6875,0.8125,0.875
260|0.25,0.125,0.0,0.75,0.875,0.75|0.125,0.3125,0.1875,0.25,0.6875,0.5625|0.75,0.3125,0.1875,0.875,0.6875,0.5625|0.125,0.375,0.5625,0.25,0.625,1.0|0.75,0.375,0.5625,0.875,0.625,1.0
261|0.25,0.125,0.25,0.75,0.875,1.0|0.125,0.3125,0.4375,0.25,0.6875,0.8125|0.75,0.3125,0.4375,0.875,0.6875,0.8125|0.125,0.375,0.0,0.25,0.625,0.4375|0.75,0.375,0.0,0.875,0.625,0.4375
262|0.0,0.125,0.25,0.75,0.875,0.75|0.1875,0.3125,0.125,0.5625,0.6875,0.25|0.1875,0.3125,0.75,0.5625,0.6875,0.875|0.5625,0.375,0.125,1.0,0.625,0.25|0.5625,0.375,0.75,1.0,0.625,0.875
263|0.25,0.125,0.25,1.0,0.875,0.75|0.4375,0.3125,0.125,0.8125,0.6875,0.25|0.4375,0.3125,0.75,0.8125,0.6875,0.875|0.0,0.375,0.125,0.4375,0.625,0.25|0.0,0.375,0.75,0.4375,0.625,0.875
264|0.25,0.0,0.125,0.75,0.75,0.875|0.125,0.1875,0.3125,0.25,0.5625,0.6875|0.75,0.1875,0.3125,0.875,0.5625,0.6875|0.125,0.5625,0.375,0.25,1.0,0.625|0.75,0.5625,0.375,0.875,1.0,0.625
265|0.125,0.0,0.25,0.875,0.75,0.75|0.3125,0.1875,0.125,0.6875,0.5625,0.25|0.3125,0.1875,0.75,0.6875,0.5625,0.875|0.375,0.5625,0.125,0.625,1.0,0.25|0.375,0.5625,0.75,0.625,1.0,0.875
266|0.0,0.0,0.0,1.0,0.125,1.0|0.25,0.125,0.25,0.75,0.875,0.75
267|0.0,0.0,0.0,1.0,0.5625,1.0
268|0.0,0.0,0.25,1.0,1.0,0.75
269|0.25,0.0,0.0,0.75,1.0,1.0
270|0.25,0.25,0.25,0.75,0.375,0.75|0.3125,0.375,0.3125,0.6875,0.8125,0.6875|0.4375,0.8125,0.4375,0.5625,1.0,0.5625
271|0.25,0.25,0.25,0.75,0.375,0.75|0.3125,0.375,0.3125,0.6875,0.8125,0.6875|0.4375,0.8125,0.0,0.5625,0.9375,0.8125
272|0.25,0.25,0.25,0.75,0.375,0.75|0.3125,0.375,0.3125,0.6875,0.8125,0.6875|0.4375,0.8125,0.1875,0.5625,0.9375,1.0
273|0.25,0.25,0.25,0.75,0.375,0.75|0.3125,0.375,0.3125,0.6875,0.8125,0.6875|0.0,0.8125,0.4375,0.8125,0.9375,0.5625
274|0.25,0.25,0.25,0.75,0.375,0.75|0.3125,0.375,0.3125,0.6875,0.8125,0.6875|0.1875,0.8125,0.4375,1.0,0.9375,0.5625
275|0.25,0.25,0.25,0.75,0.375,0.75|0.3125,0.375,0.3125,0.6875,0.8125,0.6875|0.4375,0.8125,0.0,0.5625,0.9375,1.0
276|0.25,0.25,0.25,0.75,0.375,0.75|0.3125,0.375,0.3125,0.6875,0.8125,0.6875|0.0,0.8125,0.4375,1.0,0.9375,0.5625
277|0.3125,0.0625,0.3125,0.6875,0.5,0.6875|0.375,0.5,0.375,0.625,0.625,0.625
278|0.3125,0.0,0.3125,0.6875,0.4375,0.6875|0.375,0.4375,0.375,0.625,0.5625,0.625
279|0.0,0.0,0.0,1.0,0.4375,1.0
280|0.0,0.0,0.0,1.0,0.125,1.0|0.0,0.125,0.0,0.125,1.0,1.0|0.125,0.125,0.0,1.0,1.0,0.125|0.125,0.125,0.875,1.0,1.0,1.0|0.875,0.125,0.125,1.0,1.0,0.875
281|0.4375,0.0,0.4375,0.5625,0.375,0.5625
282|0.3125,0.0,0.375,0.6875,0.375,0.5625
283|0.3125,0.0,0.375,0.625,0.375,0.6875
284|0.3125,0.0,0.3125,0.6875,0.375,0.625
285|0.0625,0.0,0.0625,0.9375,0.5,0.9375|0.4375,0.5,0.4375,0.5625,0.875,0.5625
286|0.1875,0.1875,0.5625,0.8125,0.8125,1.0
287|0.0,0.1875,0.1875,0.4375,0.8125,0.8125
288|0.1875,0.1875,0.0,0.8125,0.8125,0.4375
289|0.5625,0.1875,0.1875,1.0,0.8125,0.8125
290|0.1875,0.0,0.1875,0.8125,0.4375,0.8125
291|0.1875,0.5625,0.1875,0.8125,1.0,0.8125
292|0.1875,0.1875,0.6875,0.8125,0.8125,1.0
293|0.0,0.1875,0.1875,0.3125,0.8125,0.8125
294|0.1875,0.1875,0.0,0.8125,0.8125,0.3125
295|0.6875,0.1875,0.1875,1.0,0.8125,0.8125
296|0.1875,0.0,0.1875,0.8125,0.3125,0.8125
297|0.1875,0.6875,0.1875,0.8125,1.0,0.8125
298|0.1875,0.1875,0.75,0.8125,0.8125,1.0
299|0.0,0.1875,0.1875,0.25,0.8125,0.8125
300|0.1875,0.1875,0.0,0.8125,0.8125,0.25
301|0.75,0.1875,0.1875,1.0,0.8125,0.8125
302|0.1875,0.0,0.1875,0.8125,0.25,0.8125
303|0.1875,0.75,0.1875,0.8125,1.0,0.8125
304|0.25,0.25,0.8125,0.75,0.75,1.0
305|0.0,0.25,0.25,0.1875,0.75,0.75
306|0.25,0.25,0.0,0.75,0.75,0.1875
307|0.8125,0.25,0.25,1.0,0.75,0.75
308|0.25,0.0,0.25,0.75,0.1875,0.75
309|0.25,0.8125,0.25,0.75,1.0,0.75
310|0.3125,0.0,0.3125,0.6875,1.0,0.6875
311|0.3125,0.0,0.3125,0.6875,0.6875,0.6875
312|0.3125,0.3125,0.3125,0.6875,1.0,0.6875
313|0.25,0.0,0.25,0.75,1.0,0.75
314|0.125,0.0,0.125,0.875,1.0,0.875
315|0.375,0.0,0.375,0.625,1.0,0.625|0.0,0.5,0.0,0.375,1.0,1.0|0.375,0.5,0.0,1.0,1.0,0.375|0.375,0.5,0.625,1.0,1.0,1.0|0.625,0.5,0.375,1.0,1.0,0.625
316|0.0,0.6875,0.0,1.0,0.9375,1.0
317|0.0,0.6875,0.0,1.0,0.8125,1.0
