air
stone|1
granite|1
polished_granite|1
diorite|1
polished_diorite|1
andesite|1
polished_andesite|1
grass_block|1
dirt|1
coarse_dirt|1
podzol|1
cobblestone|1
oak_planks|1
spruce_planks|1
birch_planks|1
jungle_planks|1
acacia_planks|1
cherry_planks|1
dark_oak_planks|1
mangrove_planks|1
bamboo_planks|1
bamboo_mosaic|1
oak_sapling
spruce_sapling
birch_sapling
jungle_sapling
acacia_sapling
cherry_sapling
dark_oak_sapling
mangrove_propagule
bedrock|1
water
lava
sand|1
suspicious_sand|1
red_sand|1
gravel|1
suspicious_gravel|1
gold_ore|1
deepslate_gold_ore|1
iron_ore|1
deepslate_iron_ore|1
coal_ore|1
deepslate_coal_ore|1
nether_gold_ore|1
oak_log|1
spruce_log|1
birch_log|1
jungle_log|1
acacia_log|1
cherry_log|1
dark_oak_log|1
mangrove_log|1
mangrove_roots|1
muddy_mangrove_roots|1
bamboo_block|1
stripped_spruce_log|1
stripped_birch_log|1
stripped_jungle_log|1
stripped_acacia_log|1
stripped_cherry_log|1
stripped_dark_oak_log|1
stripped_oak_log|1
stripped_mangrove_log|1
stripped_bamboo_block|1
oak_wood|1
spruce_wood|1
birch_wood|1
jungle_wood|1
acacia_wood|1
cherry_wood|1
dark_oak_wood|1
mangrove_wood|1
stripped_oak_wood|1
stripped_spruce_wood|1
stripped_birch_wood|1
stripped_jungle_wood|1
stripped_acacia_wood|1
stripped_cherry_wood|1
stripped_dark_oak_wood|1
stripped_mangrove_wood|1
oak_leaves|1
spruce_leaves|1
birch_leaves|1
jungle_leaves|1
acacia_leaves|1
cherry_leaves|1
dark_oak_leaves|1
mangrove_leaves|1
azalea_leaves|1
flowering_azalea_leaves|1
sponge|1
wet_sponge|1
glass|1
lapis_ore|1
deepslate_lapis_ore|1
lapis_block|1
dispenser|1
sandstone|1
chiseled_sandstone|1
cut_sandstone|1
note_block|1
white_bed|2,3,2,3,3,2,3,2,4,5,4,5,5,4,5,4
orange_bed|2,3,2,3,3,2,3,2,4,5,4,5,5,4,5,4
magenta_bed|2,3,2,3,3,2,3,2,4,5,4,5,5,4,5,4
light_blue_bed|2,3,2,3,3,2,3,2,4,5,4,5,5,4,5,4
yellow_bed|2,3,2,3,3,2,3,2,4,5,4,5,5,4,5,4
lime_bed|2,3,2,3,3,2,3,2,4,5,4,5,5,4,5,4
pink_bed|2,3,2,3,3,2,3,2,4,5,4,5,5,4,5,4
gray_bed|2,3,2,3,3,2,3,2,4,5,4,5,5,4,5,4
light_gray_bed|2,3,2,3,3,2,3,2,4,5,4,5,5,4,5,4
cyan_bed|2,3,2,3,3,2,3,2,4,5,4,5,5,4,5,4
purple_bed|2,3,2,3,3,2,3,2,4,5,4,5,5,4,5,4
blue_bed|2,3,2,3,3,2,3,2,4,5,4,5,5,4,5,4
brown_bed|2,3,2,3,3,2,3,2,4,5,4,5,5,4,5,4
green_bed|2,3,2,3,3,2,3,2,4,5,4,5,5,4,5,4
red_bed|2,3,2,3,3,2,3,2,4,5,4,5,5,4,5,4
black_bed|2,3,2,3,3,2,3,2,4,5,4,5,5,4,5,4
powered_rail
detector_rail
sticky_piston|6,7,8,9,10,11,1,1,1,1,1,1
cobweb
grass
fern
dead_bush
seagrass
tall_seagrass
piston|6,7,8,9,10,11,1,1,1,1,1,1
piston_head|12,12,13,13,14,14,15,15,16,16,17,17,18,18,19,19,20,20,21,21,22,22,23,23
white_wool|1
orange_wool|1
magenta_wool|1
light_blue_wool|1
yellow_wool|1
lime_wool|1
pink_wool|1
gray_wool|1
light_gray_wool|1
cyan_wool|1
purple_wool|1
blue_wool|1
brown_wool|1
green_wool|1
red_wool|1
black_wool|1
moving_piston
dandelion
torchflower
poppy
blue_orchid
allium
azure_bluet
red_tulip
orange_tulip
white_tulip
pink_tulip
oxeye_daisy
cornflower
wither_rose
lily_of_the_valley
brown_mushroom
red_mushroom
gold_block|1
iron_block|1
bricks|1
tnt|1
bookshelf|1
chiseled_bookshelf|1
mossy_cobblestone|1
obsidian|1
torch
wall_torch
fire
soul_fire
spawner|1
oak_stairs|24,24,25,25,26,26,27,27,28,28,29,29,30,30,31,31,32,32,33,33,34,34,35,35,36,36,37,37,38,38,39,39,40,40,41,41,42,42,43,43,44,44,36,36,25,25,38,38,27,27,45,45,41,41,30,30,43,43,32,32,46,46,26,26,35,35,28,28,37,37,47,47,31,31,40,40,33,33,42,42
chest|48,48,49,49,50,50,48,48,50,50,49,49,48,48,51,51,52,52,48,48,52,52,51,51
redstone_wire
diamond_ore|1
deepslate_diamond_ore|1
diamond_block|1
crafting_table|1
wheat
farmland|53
furnace|1
oak_sign
spruce_sign
birch_sign
acacia_sign
cherry_sign
jungle_sign
dark_oak_sign
mangrove_sign
bamboo_sign
oak_door|54,54,55,55,56,56,55,55,54,54,55,55,56,56,55,55,56,56,57,57,54,54,57,57,56,56,57,57,54,54,57,57,55,55,56,56,57,57,56,56,55,55,56,56,57,57,56,56,57,57,54,54,55,55,54,54,57,57,54,54,55,55,54,54
ladder|58,58,59,59,60,60,61,61
rail
cobblestone_stairs|24,24,25,25,26,26,27,27,28,28,29,29,30,30,31,31,32,32,33,33,34,34,35,35,36,36,37,37,38,38,39,39,40,40,41,41,42,42,43,43,44,44,36,36,25,25,38,38,27,27,45,45,41,41,30,30,43,43,32,32,46,46,26,26,35,35,28,28,37,37,47,47,31,31,40,40,33,33,42,42
oak_wall_sign
spruce_wall_sign
birch_wall_sign
acacia_wall_sign
cherry_wall_sign
jungle_wall_sign
dark_oak_wall_sign
mangrove_wall_sign
bamboo_wall_sign
oak_hanging_sign
spruce_hanging_sign
birch_hanging_sign
acacia_hanging_sign
cherry_hanging_sign
jungle_hanging_sign
dark_oak_hanging_sign
crimson_hanging_sign
warped_hanging_sign
mangrove_hanging_sign
bamboo_hanging_sign
oak_wall_hanging_sign|62,62,62,62,63,63,63,63
spruce_wall_hanging_sign|62,62,62,62,63,63,63,63
birch_wall_hanging_sign|62,62,62,62,63,63,63,63
acacia_wall_hanging_sign|62,62,62,62,63,63,63,63
cherry_wall_hanging_sign|62,62,62,62,63,63,63,63
jungle_wall_hanging_sign|62,62,62,62,63,63,63,63
dark_oak_wall_hanging_sign|62,62,62,62,63,63,63,63
mangrove_wall_hanging_sign|62,62,62,62,63,63,63,63
crimson_wall_hanging_sign|62,62,62,62,63,63,63,63
warped_wall_hanging_sign|62,62,62,62,63,63,63,63
bamboo_wall_hanging_sign|62,62,62,62,63,63,63,63
lever
stone_pressure_plate
iron_door|54,54,55,55,56,56,55,55,54,54,55,55,56,56,55,55,56,56,57,57,54,54,57,57,56,56,57,57,54,54,57,57,55,55,56,56,57,57,56,56,55,55,56,56,57,57,56,56,57,57,54,54,55,55,54,54,57,57,54,54,55,55,54,54
oak_pressure_plate
spruce_pressure_plate
birch_pressure_plate
jungle_pressure_plate
acacia_pressure_plate
cherry_pressure_plate
dark_oak_pressure_plate
mangrove_pressure_plate
bamboo_pressure_plate
redstone_ore|1
deepslate_redstone_ore|1
redstone_torch
redstone_wall_torch
stone_button
snow|0,64,65,66,67,68,69,70
ice|1
snow_block|1
cactus|71
clay|1
sugar_cane
jukebox|1
oak_fence|72,73,72,73,74,75,74,75,76,77,76,77,78,79,78,79,80,81,80,81,82,83,82,83,84,85,84,85,86,87,86,87
pumpkin|1
netherrack|1
soul_sand|88
soul_soil|1
basalt|1
polished_basalt|1
soul_torch
soul_wall_torch
glowstone|1
nether_portal
carved_pumpkin|1
jack_o_lantern|1
cake|89,90,91,92,93,94,95
repeater|96
white_stained_glass|1
orange_stained_glass|1
magenta_stained_glass|1
light_blue_stained_glass|1
yellow_stained_glass|1
lime_stained_glass|1
pink_stained_glass|1
gray_stained_glass|1
light_gray_stained_glass|1
cyan_stained_glass|1
purple_stained_glass|1
blue_stained_glass|1
brown_stained_glass|1
green_stained_glass|1
red_stained_glass|1
black_stained_glass|1
oak_trapdoor|97,97,97,97,98,98,98,98,97,97,97,97,99,99,99,99,100,100,100,100,98,98,98,98,100,100,100,100,99,99,99,99,101,101,101,101,98,98,98,98,101,101,101,101,99,99,99,99,102,102,102,102,98,98,98,98,102,102,102,102,99,99,99,99
spruce_trapdoor|97,97,97,97,98,98,98,98,97,97,97,97,99,99,99,99,100,100,100,100,98,98,98,98,100,100,100,100,99,99,99,99,101,101,101,101,98,98,98,98,101,101,101,101,99,99,99,99,102,102,102,102,98,98,98,98,102,102,102,102,99,99,99,99
birch_trapdoor|97,97,97,97,98,98,98,98,97,97,97,97,99,99,99,99,100,100,100,100,98,98,98,98,100,100,100,100,99,99,99,99,101,101,101,101,98,98,98,98,101,101,101,101,99,99,99,99,102,102,102,102,98,98,98,98,102,102,102,102,99,99,99,99
jungle_trapdoor|97,97,97,97,98,98,98,98,97,97,97,97,99,99,99,99,100,100,100,100,98,98,98,98,100,100,100,100,99,99,99,99,101,101,101,101,98,98,98,98,101,101,101,101,99,99,99,99,102,102,102,102,98,98,98,98,102,102,102,102,99,99,99,99
acacia_trapdoor|97,97,97,97,98,98,98,98,97,97,97,97,99,99,99,99,100,100,100,100,98,98,98,98,100,100,100,100,99,99,99,99,101,101,101,101,98,98,98,98,101,101,101,101,99,99,99,99,102,102,102,102,98,98,98,98,102,102,102,102,99,99,99,99
cherry_trapdoor|97,97,97,97,98,98,98,98,97,97,97,97,99,99,99,99,100,100,100,100,98,98,98,98,100,100,100,100,99,99,99,99,101,101,101,101,98,98,98,98,101,101,101,101,99,99,99,99,102,102,102,102,98,98,98,98,102,102,102,102,99,99,99,99
dark_oak_trapdoor|97,97,97,97,98,98,98,98,97,97,97,97,99,99,99,99,100,100,100,100,98,98,98,98,100,100,100,100,99,99,99,99,101,101,101,101,98,98,98,98,101,101,101,101,99,99,99,99,102,102,102,102,98,98,98,98,102,102,102,102,99,99,99,99
mangrove_trapdoor|97,97,97,97,98,98,98,98,97,97,97,97,99,99,99,99,100,100,100,100,98,98,98,98,100,100,100,100,99,99,99,99,101,101,101,101,98,98,98,98,101,101,101,101,99,99,99,99,102,102,102,102,98,98,98,98,102,102,102,102,99,99,99,99
bamboo_trapdoor|97,97,97,97,98,98,98,98,97,97,97,97,99,99,99,99,100,100,100,100,98,98,98,98,100,100,100,100,99,99,99,99,101,101,101,101,98,98,98,98,101,101,101,101,99,99,99,99,102,102,102,102,98,98,98,98,102,102,102,102,99,99,99,99
stone_bricks|1
mossy_stone_bricks|1
cracked_stone_bricks|1
chiseled_stone_bricks|1
packed_mud|1
mud_bricks|1
infested_stone|1
infested_cobblestone|1
infested_stone_bricks|1
infested_mossy_stone_bricks|1
infested_cracked_stone_bricks|1
infested_chiseled_stone_bricks|1
brown_mushroom_block|1
red_mushroom_block|1
mushroom_stem|1
iron_bars|103,104,103,104,105,106,105,106,107,108,107,108,109,110,109,110,111,112,111,112,113,114,113,114,115,116,115,116,117,118,117,118
chain|119,119,120,120,121,121
glass_pane|122,123,122,123,124,125,124,125,126,127,126,127,128,129,128,129,130,131,130,131,132,133,132,133,134,135,134,135,136,137,136,137
melon|1
attached_pumpkin_stem
attached_melon_stem
pumpkin_stem
melon_stem
vine
glow_lichen
oak_fence_gate|0,0,138,138,0,0,138,138,0,0,138,138,0,0,138,138,0,0,139,139,0,0,139,139,0,0,139,139,0,0,139,139
brick_stairs|24,24,25,25,26,26,27,27,28,28,29,29,30,30,31,31,32,32,33,33,34,34,35,35,36,36,37,37,38,38,39,39,40,40,41,41,42,42,43,43,44,44,36,36,25,25,38,38,27,27,45,45,41,41,30,30,43,43,32,32,46,46,26,26,35,35,28,28,37,37,47,47,31,31,40,40,33,33,42,42
stone_brick_stairs|24,24,25,25,26,26,27,27,28,28,29,29,30,30,31,31,32,32,33,33,34,34,35,35,36,36,37,37,38,38,39,39,40,40,41,41,42,42,43,43,44,44,36,36,25,25,38,38,27,27,45,45,41,41,30,30,43,43,32,32,46,46,26,26,35,35,28,28,37,37,47,47,31,31,40,40,33,33,42,42
mud_brick_stairs|24,24,25,25,26,26,27,27,28,28,29,29,30,30,31,31,32,32,33,33,34,34,35,35,36,36,37,37,38,38,39,39,40,40,41,41,42,42,43,43,44,44,36,36,25,25,38,38,27,27,45,45,41,41,30,30,43,43,32,32,46,46,26,26,35,35,28,28,37,37,47,47,31,31,40,40,33,33,42,42
mycelium|1
lily_pad|140
nether_bricks|1
nether_brick_fence|141,142,141,142,143,144,143,144,145,146,145,146,147,148,147,148,149,150,149,150,151,152,151,152,153,154,153,154,155,156,155,156
nether_brick_stairs|24,24,25,25,26,26,27,27,28,28,29,29,30,30,31,31,32,32,33,33,34,34,35,35,36,36,37,37,38,38,39,39,40,40,41,41,42,42,43,43,44,44,36,36,25,25,38,38,27,27,45,45,41,41,30,30,43,43,32,32,46,46,26,26,35,35,28,28,37,37,47,47,31,31,40,40,33,33,42,42
nether_wart
enchanting_table|157
brewing_stand|158
cauldron|159
water_cauldron|159
lava_cauldron|159
powder_snow_cauldron|159
end_portal
end_portal_frame|160,160,160,160,161,161,161,161
end_stone|1
dragon_egg|162
redstone_lamp|1
cocoa|163,164,165,166,167,168,169,170,171,172,173,174
sandstone_stairs|24,24,25,25,26,26,27,27,28,28,29,29,30,30,31,31,32,32,33,33,34,34,35,35,36,36,37,37,38,38,39,39,40,40,41,41,42,42,43,43,44,44,36,36,25,25,38,38,27,27,45,45,41,41,30,30,43,43,32,32,46,46,26,26,35,35,28,28,37,37,47,47,31,31,40,40,33,33,42,42
emerald_ore|1
deepslate_emerald_ore|1
ender_chest|175
tripwire_hook
tripwire
emerald_block|1
spruce_stairs|24,24,25,25,26,26,27,27,28,28,29,29,30,30,31,31,32,32,33,33,34,34,35,35,36,36,37,37,38,38,39,39,40,40,41,41,42,42,43,43,44,44,36,36,25,25,38,38,27,27,45,45,41,41,30,30,43,43,32,32,46,46,26,26,35,35,28,28,37,37,47,47,31,31,40,40,33,33,42,42
birch_stairs|24,24,25,25,26,26,27,27,28,28,29,29,30,30,31,31,32,32,33,33,34,34,35,35,36,36,37,37,38,38,39,39,40,40,41,41,42,42,43,43,44,44,36,36,25,25,38,38,27,27,45,45,41,41,30,30,43,43,32,32,46,46,26,26,35,35,28,28,37,37,47,47,31,31,40,40,33,33,42,42
jungle_stairs|24,24,25,25,26,26,27,27,28,28,29,29,30,30,31,31,32,32,33,33,34,34,35,35,36,36,37,37,38,38,39,39,40,40,41,41,42,42,43,43,44,44,36,36,25,25,38,38,27,27,45,45,41,41,30,30,43,43,32,32,46,46,26,26,35,35,28,28,37,37,47,47,31,31,40,40,33,33,42,42
command_block|1
beacon|1
cobblestone_wall|176,177,178,176,177,178,0,179,180,0,179,180,181,182,183,181,182,183,184,185,186,184,185,186,187,188,189,187,188,189,190,191,192,190,191,192,193,194,195,193,194,195,196,197,198,196,197,198,199,200,201,199,200,201,202,203,204,202,203,204,205,206,207,205,206,207,208,209,210,208,209,210,211,212,213,211,212,213,214,215,216,214,215,216,217,218,219,217,218,219,220,221,222,220,221,222,223,224,225,223,224,225,226,227,228,226,227,228,229,230,231,229,230,231,232,233,234,232,233,234,235,236,237,235,236,237,238,239,240,238,239,240,241,242,243,241,242,243,244,245,246,244,245,246,247,248,249,247,248,249,250,251,252,250,251,252,253,254,255,253,254,255,256,257,258,256,257,258,259,260,261,259,260,261,262,263,264,262,263,264,265,266,267,265,266,267,268,269,270,268,269,270,271,272,273,271,272,273,274,275,276,274,275,276,277,278,279,277,278,279,280,281,282,280,281,282,283,284,285,283,284,285,286,287,288,286,287,288,289,290,291,289,290,291,292,293,294,292,293,294,295,296,297,295,296,297,298,299,300,298,299,300,301,302,303,301,302,303,304,305,306,304,305,306,307,308,309,307,308,309,310,311,312,310,311,312,313,314,315,313,314,315,316,317,318,316,317,318,319,320,321,319,320,321,322,323,324,322,323,324,325,326,327,325,326,327,328,329,330,328,329,330,331,332,333,331,332,333,334,335,336,334,335,336
mossy_cobblestone_wall|337,338,339,337,338,339,0,340,341,0,340,341,342,343,344,342,343,344,345,346,347,345,346,347,348,349,350,348,349,350,351,352,353,351,352,353,354,355,356,354,355,356,357,358,359,357,358,359,360,361,362,360,361,362,363,364,365,363,364,365,366,367,368,366,367,368,369,370,371,369,370,371,372,373,374,372,373,374,375,376,377,375,376,377,378,379,380,378,379,380,381,382,383,381,382,383,384,385,386,384,385,386,387,388,389,387,388,389,390,391,392,390,391,392,393,394,395,393,394,395,396,397,398,396,397,398,399,400,401,399,400,401,402,403,404,402,403,404,405,406,407,405,406,407,408,409,410,408,409,410,411,412,413,411,412,413,414,415,416,414,415,416,417,418,419,417,418,419,420,421,422,420,421,422,423,424,425,423,424,425,426,427,428,426,427,428,429,430,431,429,430,431,432,433,434,432,433,434,435,436,437,435,436,437,438,439,440,438,439,440,441,442,443,441,442,443,444,445,446,444,445,446,447,448,449,447,448,449,450,451,452,450,451,452,453,454,455,453,454,455,456,457,458,456,457,458,459,460,461,459,460,461,462,463,464,462,463,464,465,466,467,465,466,467,468,469,470,468,469,470,471,472,473,471,472,473,474,475,476,474,475,476,477,478,479,477,478,479,480,481,482,480,481,482,483,484,485,483,484,485,486,487,488,486,487,488,489,490,491,489,490,491,492,493,494,492,493,494,495,496,497,495,496,497
flower_pot|498
potted_torchflower|498
potted_oak_sapling|498
potted_spruce_sapling|498
potted_birch_sapling|498
potted_jungle_sapling|498
potted_acacia_sapling|498
potted_cherry_sapling|498
potted_dark_oak_sapling|498
potted_mangrove_propagule|498
potted_fern|498
potted_dandelion|498
potted_poppy|498
potted_blue_orchid|498
potted_allium|498
potted_azure_bluet|498
potted_red_tulip|498
potted_orange_tulip|498
potted_white_tulip|498
potted_pink_tulip|498
potted_oxeye_daisy|498
potted_cornflower|498
potted_lily_of_the_valley|498
potted_wither_rose|498
potted_red_mushroom|498
potted_brown_mushroom|498
potted_dead_bush|498
potted_cactus|498
carrots
potatoes
oak_button
spruce_button
birch_button
jungle_button
acacia_button
cherry_button
dark_oak_button
mangrove_button
bamboo_button
skeleton_skull|499
skeleton_wall_skull|500,501,502,503
wither_skeleton_skull|499
wither_skeleton_wall_skull|500,501,502,503
zombie_head|499
zombie_wall_head|500,501,502,503
player_head|499
player_wall_head|500,501,502,503
creeper_head|499
creeper_wall_head|500,501,502,503
dragon_head|499
dragon_wall_head|500,501,502,503
piglin_head|504
piglin_wall_head|505,506,507,508
anvil|509,509,510,510
chipped_anvil|509,509,510,510
damaged_anvil|509,509,510,510
trapped_chest|48,48,49,49,50,50,48,48,50,50,49,49,48,48,51,51,52,52,48,48,52,52,51,51
light_weighted_pressure_plate
heavy_weighted_pressure_plate
comparator|96
daylight_detector|511
redstone_block|1
nether_quartz_ore|1
hopper|512,513,514,515,516,512,513,514,515,516
quartz_block|1
chiseled_quartz_block|1
quartz_pillar|1
quartz_stairs|24,24,25,25,26,26,27,27,28,28,29,29,30,30,31,31,32,32,33,33,34,34,35,35,36,36,37,37,38,38,39,39,40,40,41,41,42,42,43,43,44,44,36,36,25,25,38,38,27,27,45,45,41,41,30,30,43,43,32,32,46,46,26,26,35,35,28,28,37,37,47,47,31,31,40,40,33,33,42,42
activator_rail
dropper|1
white_terracotta|1
orange_terracotta|1
magenta_terracotta|1
light_blue_terracotta|1
yellow_terracotta|1
lime_terracotta|1
pink_terracotta|1
gray_terracotta|1
light_gray_terracotta|1
cyan_terracotta|1
purple_terracotta|1
blue_terracotta|1
brown_terracotta|1
green_terracotta|1
red_terracotta|1
black_terracotta|1
white_stained_glass_pane|517,518,517,518,519,520,519,520,521,522,521,522,523,524,523,524,525,526,525,526,527,528,527,528,529,530,529,530,531,532,531,532
orange_stained_glass_pane|533,534,533,534,535,536,535,536,537,538,537,538,539,540,539,540,541,542,541,542,543,544,543,544,545,546,545,546,547,548,547,548
magenta_stained_glass_pane|549,550,549,550,551,552,551,552,553,554,553,554,555,556,555,556,557,558,557,558,559,560,559,560,561,562,561,562,563,564,563,564
light_blue_stained_glass_pane|565,566,565,566,567,568,567,568,569,570,569,570,571,572,571,572,573,574,573,574,575,576,575,576,577,578,577,578,579,580,579,580
yellow_stained_glass_pane|581,582,581,582,583,584,583,584,585,586,585,586,587,588,587,588,589,590,589,590,591,592,591,592,593,594,593,594,595,596,595,596
lime_stained_glass_pane|597,598,597,598,599,600,599,600,601,602,601,602,603,604,603,604,605,606,605,606,607,608,607,608,609,610,609,610,611,612,611,612
pink_stained_glass_pane|613,614,613,614,615,616,615,616,617,618,617,618,619,620,619,620,621,622,621,622,623,624,623,624,625,626,625,626,627,628,627,628
gray_stained_glass_pane|629,630,629,630,631,632,631,632,633,634,633,634,635,636,635,636,637,638,637,638,639,640,639,640,641,642,641,642,643,644,643,644
light_gray_stained_glass_pane|645,646,645,646,647,648,647,648,649,650,649,650,651,652,651,652,653,654,653,654,655,656,655,656,657,658,657,658,659,660,659,660
cyan_stained_glass_pane|661,662,661,662,663,664,663,664,665,666,665,666,667,668,667,668,669,670,669,670,671,672,671,672,673,674,673,674,675,676,675,676
purple_stained_glass_pane|677,678,677,678,679,680,679,680,681,682,681,682,683,684,683,684,685,686,685,686,687,688,687,688,689,690,689,690,691,692,691,692
blue_stained_glass_pane|693,694,693,694,695,696,695,696,697,698,697,698,699,700,699,700,701,702,701,702,703,704,703,704,705,706,705,706,707,708,707,708
brown_stained_glass_pane|709,710,709,710,711,712,711,712,713,714,713,714,715,716,715,716,717,718,717,718,719,720,719,720,721,722,721,722,723,724,723,724
green_stained_glass_pane|725,726,725,726,727,728,727,728,729,730,729,730,731,732,731,732,733,734,733,734,735,736,735,736,737,738,737,738,739,740,739,740
red_stained_glass_pane|741,742,741,742,743,744,743,744,745,746,745,746,747,748,747,748,749,750,749,750,751,752,751,752,753,754,753,754,755,756,755,756
black_stained_glass_pane|757,758,757,758,759,760,759,760,761,762,761,762,763,764,763,764,765,766,765,766,767,768,767,768,769,770,769,770,771,772,771,772
acacia_stairs|24,24,25,25,26,26,27,27,28,28,29,29,30,30,31,31,32,32,33,33,34,34,35,35,36,36,37,37,38,38,39,39,40,40,41,41,42,42,43,43,44,44,36,36,25,25,38,38,27,27,45,45,41,41,30,30,43,43,32,32,46,46,26,26,35,35,28,28,37,37,47,47,31,31,40,40,33,33,42,42
cherry_stairs|24,24,25,25,26,26,27,27,28,28,29,29,30,30,31,31,32,32,33,33,34,34,35,35,36,36,37,37,38,38,39,39,40,40,41,41,42,42,43,43,44,44,36,36,25,25,38,38,27,27,45,45,41,41,30,30,43,43,32,32,46,46,26,26,35,35,28,28,37,37,47,47,31,31,40,40,33,33,42,42
dark_oak_stairs|24,24,25,25,26,26,27,27,28,28,29,29,30,30,31,31,32,32,33,33,34,34,35,35,36,36,37,37,38,38,39,39,40,40,41,41,42,42,43,43,44,44,36,36,25,25,38,38,27,27,45,45,41,41,30,30,43,43,32,32,46,46,26,26,35,35,28,28,37,37,47,47,31,31,40,40,33,33,42,42
mangrove_stairs|24,24,25,25,26,26,27,27,28,28,29,29,30,30,31,31,32,32,33,33,34,34,35,35,36,36,37,37,38,38,39,39,40,40,41,41,42,42,43,43,44,44,36,36,25,25,38,38,27,27,45,45,41,41,30,30,43,43,32,32,46,46,26,26,35,35,28,28,37,37,47,47,31,31,40,40,33,33,42,42
bamboo_stairs|24,24,25,25,26,26,27,27,28,28,29,29,30,30,31,31,32,32,33,33,34,34,35,35,36,36,37,37,38,38,39,39,40,40,41,41,42,42,43,43,44,44,36,36,25,25,38,38,27,27,45,45,41,41,30,30,43,43,32,32,46,46,26,26,35,35,28,28,37,37,47,47,31,31,40,40,33,33,42,42
bamboo_mosaic_stairs|24,24,25,25,26,26,27,27,28,28,29,29,30,30,31,31,32,32,33,33,34,34,35,35,36,36,37,37,38,38,39,39,40,40,41,41,42,42,43,43,44,44,36,36,25,25,38,38,27,27,45,45,41,41,30,30,43,43,32,32,46,46,26,26,35,35,28,28,37,37,47,47,31,31,40,40,33,33,42,42
slime_block|1
barrier|1
light
iron_trapdoor|97,97,97,97,98,98,98,98,97,97,97,97,99,99,99,99,100,100,100,100,98,98,98,98,100,100,100,100,99,99,99,99,101,101,101,101,98,98,98,98,101,101,101,101,99,99,99,99,102,102,102,102,98,98,98,98,102,102,102,102,99,99,99,99
prismarine|1
prismarine_bricks|1
dark_prismarine|1
prismarine_stairs|24,24,25,25,26,26,27,27,28,28,29,29,30,30,31,31,32,32,33,33,34,34,35,35,36,36,37,37,38,38,39,39,40,40,41,41,42,42,43,43,44,44,36,36,25,25,38,38,27,27,45,45,41,41,30,30,43,43,32,32,46,46,26,26,35,35,28,28,37,37,47,47,31,31,40,40,33,33,42,42
prismarine_brick_stairs|24,24,25,25,26,26,27,27,28,28,29,29,30,30,31,31,32,32,33,33,34,34,35,35,36,36,37,37,38,38,39,39,40,40,41,41,42,42,43,43,44,44,36,36,25,25,38,38,27,27,45,45,41,41,30,30,43,43,32,32,46,46,26,26,35,35,28,28,37,37,47,47,31,31,40,40,33,33,42,42
dark_prismarine_stairs|24,24,25,25,26,26,27,27,28,28,29,29,30,30,31,31,32,32,33,33,34,34,35,35,36,36,37,37,38,38,39,39,40,40,41,41,42,42,43,43,44,44,36,36,25,25,38,38,27,27,45,45,41,41,30,30,43,43,32,32,46,46,26,26,35,35,28,28,37,37,47,47,31,31,40,40,33,33,42,42
prismarine_slab|773,773,774,774,1,1
prismarine_brick_slab|773,773,774,774,1,1
dark_prismarine_slab|773,773,774,774,1,1
sea_lantern|1
hay_block|1
white_carpet|775
orange_carpet|775
magenta_carpet|775
light_blue_carpet|775
yellow_carpet|775
lime_carpet|775
pink_carpet|775
gray_carpet|775
light_gray_carpet|775
cyan_carpet|775
purple_carpet|775
blue_carpet|775
brown_carpet|775
green_carpet|775
red_carpet|775
black_carpet|775
terracotta|1
coal_block|1
packed_ice|1
sunflower
lilac
rose_bush
peony
tall_grass
large_fern
white_banner
orange_banner
magenta_banner
light_blue_banner
yellow_banner
lime_banner
pink_banner
gray_banner
light_gray_banner
cyan_banner
purple_banner
blue_banner
brown_banner
green_banner
red_banner
black_banner
white_wall_banner
orange_wall_banner
magenta_wall_banner
light_blue_wall_banner
yellow_wall_banner
lime_wall_banner
pink_wall_banner
gray_wall_banner
light_gray_wall_banner
cyan_wall_banner
purple_wall_banner
blue_wall_banner
brown_wall_banner
green_wall_banner
red_wall_banner
black_wall_banner
red_sandstone|1
chiseled_red_sandstone|1
cut_red_sandstone|1
red_sandstone_stairs|24,24,25,25,26,26,27,27,28,28,29,29,30,30,31,31,32,32,33,33,34,34,35,35,36,36,37,37,38,38,39,39,40,40,41,41,42,42,43,43,44,44,36,36,25,25,38,38,27,27,45,45,41,41,30,30,43,43,32,32,46,46,26,26,35,35,28,28,37,37,47,47,31,31,40,40,33,33,42,42
oak_slab|773,773,774,774,1,1
spruce_slab|773,773,774,774,1,1
birch_slab|773,773,774,774,1,1
jungle_slab|773,773,774,774,1,1
acacia_slab|773,773,774,774,1,1
cherry_slab|773,773,774,774,1,1
dark_oak_slab|773,773,774,774,1,1
mangrove_slab|773,773,774,774,1,1
bamboo_slab|773,773,774,774,1,1
bamboo_mosaic_slab|773,773,774,774,1,1
stone_slab|773,773,774,774,1,1
smooth_stone_slab|773,773,774,774,1,1
sandstone_slab|773,773,774,774,1,1
cut_sandstone_slab|773,773,774,774,1,1
petrified_oak_slab|773,773,774,774,1,1
cobblestone_slab|773,773,774,774,1,1
brick_slab|773,773,774,774,1,1
stone_brick_slab|773,773,774,774,1,1
mud_brick_slab|773,773,774,774,1,1
nether_brick_slab|773,773,774,774,1,1
quartz_slab|773,773,774,774,1,1
red_sandstone_slab|773,773,774,774,1,1
cut_red_sandstone_slab|773,773,774,774,1,1
purpur_slab|773,773,774,774,1,1
smooth_stone|1
smooth_sandstone|1
smooth_quartz|1
smooth_red_sandstone|1
spruce_fence_gate|0,0,138,138,0,0,138,138,0,0,138,138,0,0,138,138,0,0,139,139,0,0,139,139,0,0,139,139,0,0,139,139
birch_fence_gate|0,0,138,138,0,0,138,138,0,0,138,138,0,0,138,138,0,0,139,139,0,0,139,139,0,0,139,139,0,0,139,139
jungle_fence_gate|0,0,138,138,0,0,138,138,0,0,138,138,0,0,138,138,0,0,139,139,0,0,139,139,0,0,139,139,0,0,139,139
acacia_fence_gate|0,0,138,138,0,0,138,138,0,0,138,138,0,0,138,138,0,0,139,139,0,0,139,139,0,0,139,139,0,0,139,139
cherry_fence_gate|0,0,138,138,0,0,138,138,0,0,138,138,0,0,138,138,0,0,139,139,0,0,139,139,0,0,139,139,0,0,139,139
dark_oak_fence_gate|0,0,138,138,0,0,138,138,0,0,138,138,0,0,138,138,0,0,139,139,0,0,139,139,0,0,139,139,0,0,139,139
mangrove_fence_gate|0,0,138,138,0,0,138,138,0,0,138,138,0,0,138,138,0,0,139,139,0,0,139,139,0,0,139,139,0,0,139,139
bamboo_fence_gate|0,0,138,138,0,0,138,138,0,0,138,138,0,0,138,138,0,0,139,139,0,0,139,139,0,0,139,139,0,0,139,139
spruce_fence|776,777,776,777,778,779,778,779,780,781,780,781,782,783,782,783,784,785,784,785,786,787,786,787,788,789,788,789,790,791,790,791
birch_fence|792,793,792,793,794,795,794,795,796,797,796,797,798,799,798,799,800,801,800,801,802,803,802,803,804,805,804,805,806,807,806,807
jungle_fence|808,809,808,809,810,811,810,811,812,813,812,813,814,815,814,815,816,817,816,817,818,819,818,819,820,821,820,821,822,823,822,823
acacia_fence|824,825,824,825,826,827,826,827,828,829,828,829,830,831,830,831,832,833,832,833,834,835,834,835,836,837,836,837,838,839,838,839
cherry_fence|840,841,840,841,842,843,842,843,844,845,844,845,846,847,846,847,848,849,848,849,850,851,850,851,852,853,852,853,854,855,854,855
dark_oak_fence|856,857,856,857,858,859,858,859,860,861,860,861,862,863,862,863,864,865,864,865,866,867,866,867,868,869,868,869,870,871,870,871
mangrove_fence|872,873,872,873,874,875,874,875,876,877,876,877,878,879,878,879,880,881,880,881,882,883,882,883,884,885,884,885,886,887,886,887
bamboo_fence|888,889,888,889,890,891,890,891,892,893,892,893,894,895,894,895,896,897,896,897,898,899,898,899,900,901,900,901,902,903,902,903
spruce_door|54,54,55,55,56,56,55,55,54,54,55,55,56,56,55,55,56,56,57,57,54,54,57,57,56,56,57,57,54,54,57,57,55,55,56,56,57,57,56,56,55,55,56,56,57,57,56,56,57,57,54,54,55,55,54,54,57,57,54,54,55,55,54,54
birch_door|54,54,55,55,56,56,55,55,54,54,55,55,56,56,55,55,56,56,57,57,54,54,57,57,56,56,57,57,54,54,57,57,55,55,56,56,57,57,56,56,55,55,56,56,57,57,56,56,57,57,54,54,55,55,54,54,57,57,54,54,55,55,54,54
jungle_door|54,54,55,55,56,56,55,55,54,54,55,55,56,56,55,55,56,56,57,57,54,54,57,57,56,56,57,57,54,54,57,57,55,55,56,56,57,57,56,56,55,55,56,56,57,57,56,56,57,57,54,54,55,55,54,54,57,57,54,54,55,55,54,54
acacia_door|54,54,55,55,56,56,55,55,54,54,55,55,56,56,55,55,56,56,57,57,54,54,57,57,56,56,57,57,54,54,57,57,55,55,56,56,57,57,56,56,55,55,56,56,57,57,56,56,57,57,54,54,55,55,54,54,57,57,54,54,55,55,54,54
cherry_door|54,54,55,55,56,56,55,55,54,54,55,55,56,56,55,55,56,56,57,57,54,54,57,57,56,56,57,57,54,54,57,57,55,55,56,56,57,57,56,56,55,55,56,56,57,57,56,56,57,57,54,54,55,55,54,54,57,57,54,54,55,55,54,54
dark_oak_door|54,54,55,55,56,56,55,55,54,54,55,55,56,56,55,55,56,56,57,57,54,54,57,57,56,56,57,57,54,54,57,57,55,55,56,56,57,57,56,56,55,55,56,56,57,57,56,56,57,57,54,54,55,55,54,54,57,57,54,54,55,55,54,54
mangrove_door|54,54,55,55,56,56,55,55,54,54,55,55,56,56,55,55,56,56,57,57,54,54,57,57,56,56,57,57,54,54,57,57,55,55,56,56,57,57,56,56,55,55,56,56,57,57,56,56,57,57,54,54,55,55,54,54,57,57,54,54,55,55,54,54
bamboo_door|54,54,55,55,56,56,55,55,54,54,55,55,56,56,55,55,56,56,57,57,54,54,57,57,56,56,57,57,54,54,57,57,55,55,56,56,57,57,56,56,55,55,56,56,57,57,56,56,57,57,54,54,55,55,54,54,57,57,54,54,55,55,54,54
end_rod|904,905,904,905,906,906
chorus_plant|907,908,909,910,911,912,913,914,915,916,917,918,919,920,921,922,923,924,925,926,927,928,929,930,931,932,933,934,935,936,937,938,939,940,941,942,943,944,945,946,947,948,949,950,951,952,953,954,955,956,957,958,959,960,961,962,963,964,965,966,967,968,969,970
chorus_flower|1
purpur_block|1
purpur_pillar|1
purpur_stairs|24,24,25,25,26,26,27,27,28,28,29,29,30,30,31,31,32,32,33,33,34,34,35,35,36,36,37,37,38,38,39,39,40,40,41,41,42,42,43,43,44,44,36,36,25,25,38,38,27,27,45,45,41,41,30,30,43,43,32,32,46,46,26,26,35,35,28,28,37,37,47,47,31,31,40,40,33,33,42,42
end_stone_bricks|1
torchflower_crop
pitcher_crop|971,971,0,972,0,972,0,972,0,972
pitcher_plant
beetroots
dirt_path|53
end_gateway
repeating_command_block|1
chain_command_block|1
frosted_ice|1
magma_block|1
nether_wart_block|1
red_nether_bricks|1
bone_block|1
structure_void
observer|1
shulker_box|1
white_shulker_box|1
orange_shulker_box|1
magenta_shulker_box|1
light_blue_shulker_box|1
yellow_shulker_box|1
lime_shulker_box|1
pink_shulker_box|1
gray_shulker_box|1
light_gray_shulker_box|1
cyan_shulker_box|1
purple_shulker_box|1
blue_shulker_box|1
brown_shulker_box|1
green_shulker_box|1
red_shulker_box|1
black_shulker_box|1
white_glazed_terracotta|1
orange_glazed_terracotta|1
magenta_glazed_terracotta|1
light_blue_glazed_terracotta|1
yellow_glazed_terracotta|1
lime_glazed_terracotta|1
pink_glazed_terracotta|1
gray_glazed_terracotta|1
light_gray_glazed_terracotta|1
cyan_glazed_terracotta|1
purple_glazed_terracotta|1
blue_glazed_terracotta|1
brown_glazed_terracotta|1
green_glazed_terracotta|1
red_glazed_terracotta|1
black_glazed_terracotta|1
white_concrete|1
orange_concrete|1
magenta_concrete|1
light_blue_concrete|1
yellow_concrete|1
lime_concrete|1
pink_concrete|1
gray_concrete|1
light_gray_concrete|1
cyan_concrete|1
purple_concrete|1
blue_concrete|1
brown_concrete|1
green_concrete|1
red_concrete|1
black_concrete|1
white_concrete_powder|1
orange_concrete_powder|1
magenta_concrete_powder|1
light_blue_concrete_powder|1
yellow_concrete_powder|1
lime_concrete_powder|1
pink_concrete_powder|1
gray_concrete_powder|1
light_gray_concrete_powder|1
cyan_concrete_powder|1
purple_concrete_powder|1
blue_concrete_powder|1
brown_concrete_powder|1
green_concrete_powder|1
red_concrete_powder|1
black_concrete_powder|1
kelp
kelp_plant
dried_kelp_block|1
turtle_egg|973,973,973,974,974,974,974,974,974,974,974,974
sniffer_egg|975
dead_tube_coral_block|1
dead_brain_coral_block|1
dead_bubble_coral_block|1
dead_fire_coral_block|1
dead_horn_coral_block|1
tube_coral_block|1
brain_coral_block|1
bubble_coral_block|1
fire_coral_block|1
horn_coral_block|1
dead_tube_coral
dead_brain_coral
dead_bubble_coral
dead_fire_coral
dead_horn_coral
tube_coral
brain_coral
bubble_coral
fire_coral
horn_coral
dead_tube_coral_fan
dead_brain_coral_fan
dead_bubble_coral_fan
dead_fire_coral_fan
dead_horn_coral_fan
tube_coral_fan
brain_coral_fan
bubble_coral_fan
fire_coral_fan
horn_coral_fan
dead_tube_coral_wall_fan
dead_brain_coral_wall_fan
dead_bubble_coral_wall_fan
dead_fire_coral_wall_fan
dead_horn_coral_wall_fan
tube_coral_wall_fan
brain_coral_wall_fan
bubble_coral_wall_fan
fire_coral_wall_fan
horn_coral_wall_fan
sea_pickle|976,976,977,977,978,978,979,979
blue_ice|1
conduit|980
bamboo_sapling
bamboo|981,982,983,984,985,986,987,988,989,990,991,992
potted_bamboo|498
void_air
cave_air
bubble_column
polished_granite_stairs|24,24,25,25,26,26,27,27,28,28,29,29,30,30,31,31,32,32,33,33,34,34,35,35,36,36,37,37,38,38,39,39,40,40,41,41,42,42,43,43,44,44,36,36,25,25,38,38,27,27,45,45,41,41,30,30,43,43,32,32,46,46,26,26,35,35,28,28,37,37,47,47,31,31,40,40,33,33,42,42
smooth_red_sandstone_stairs|24,24,25,25,26,26,27,27,28,28,29,29,30,30,31,31,32,32,33,33,34,34,35,35,36,36,37,37,38,38,39,39,40,40,41,41,42,42,43,43,44,44,36,36,25,25,38,38,27,27,45,45,41,41,30,30,43,43,32,32,46,46,26,26,35,35,28,28,37,37,47,47,31,31,40,40,33,33,42,42
mossy_stone_brick_stairs|24,24,25,25,26,26,27,27,28,28,29,29,30,30,31,31,32,32,33,33,34,34,35,35,36,36,37,37,38,38,39,39,40,40,41,41,42,42,43,43,44,44,36,36,25,25,38,38,27,27,45,45,41,41,30,30,43,43,32,32,46,46,26,26,35,35,28,28,37,37,47,47,31,31,40,40,33,33,42,42
polished_diorite_stairs|24,24,25,25,26,26,27,27,28,28,29,29,30,30,31,31,32,32,33,33,34,34,35,35,36,36,37,37,38,38,39,39,40,40,41,41,42,42,43,43,44,44,36,36,25,25,38,38,27,27,45,45,41,41,30,30,43,43,32,32,46,46,26,26,35,35,28,28,37,37,47,47,31,31,40,40,33,33,42,42
mossy_cobblestone_stairs|24,24,25,25,26,26,27,27,28,28,29,29,30,30,31,31,32,32,33,33,34,34,35,35,36,36,37,37,38,38,39,39,40,40,41,41,42,42,43,43,44,44,36,36,25,25,38,38,27,27,45,45,41,41,30,30,43,43,32,32,46,46,26,26,35,35,28,28,37,37,47,47,31,31,40,40,33,33,42,42
end_stone_brick_stairs|24,24,25,25,26,26,27,27,28,28,29,29,30,30,31,31,32,32,33,33,34,34,35,35,36,36,37,37,38,38,39,39,40,40,41,41,42,42,43,43,44,44,36,36,25,25,38,38,27,27,45,45,41,41,30,30,43,43,32,32,46,46,26,26,35,35,28,28,37,37,47,47,31,31,40,40,33,33,42,42
stone_stairs|24,24,25,25,26,26,27,27,28,28,29,29,30,30,31,31,32,32,33,33,34,34,35,35,36,36,37,37,38,38,39,39,40,40,41,41,42,42,43,43,44,44,36,36,25,25,38,38,27,27,45,45,41,41,30,30,43,43,32,32,46,46,26,26,35,35,28,28,37,37,47,47,31,31,40,40,33,33,42,42
smooth_sandstone_stairs|24,24,25,25,26,26,27,27,28,28,29,29,30,30,31,31,32,32,33,33,34,34,35,35,36,36,37,37,38,38,39,39,40,40,41,41,42,42,43,43,44,44,36,36,25,25,38,38,27,27,45,45,41,41,30,30,43,43,32,32,46,46,26,26,35,35,28,28,37,37,47,47,31,31,40,40,33,33,42,42
smooth_quartz_stairs|24,24,25,25,26,26,27,27,28,28,29,29,30,30,31,31,32,32,33,33,34,34,35,35,36,36,37,37,38,38,39,39,40,40,41,41,42,42,43,43,44,44,36,36,25,25,38,38,27,27,45,45,41,41,30,30,43,43,32,32,46,46,26,26,35,35,28,28,37,37,47,47,31,31,40,40,33,33,42,42
granite_stairs|24,24,25,25,26,26,27,27,28,28,29,29,30,30,31,31,32,32,33,33,34,34,35,35,36,36,37,37,38,38,39,39,40,40,41,41,42,42,43,43,44,44,36,36,25,25,38,38,27,27,45,45,41,41,30,30,43,43,32,32,46,46,26,26,35,35,28,28,37,37,47,47,31,31,40,40,33,33,42,42
andesite_stairs|24,24,25,25,26,26,27,27,28,28,29,29,30,30,31,31,32,32,33,33,34,34,35,35,36,36,37,37,38,38,39,39,40,40,41,41,42,42,43,43,44,44,36,36,25,25,38,38,27,27,45,45,41,41,30,30,43,43,32,32,46,46,26,26,35,35,28,28,37,37,47,47,31,31,40,40,33,33,42,42
red_nether_brick_stairs|24,24,25,25,26,26,27,27,28,28,29,29,30,30,31,31,32,32,33,33,34,34,35,35,36,36,37,37,38,38,39,39,40,40,41,41,42,42,43,43,44,44,36,36,25,25,38,38,27,27,45,45,41,41,30,30,43,43,32,32,46,46,26,26,35,35,28,28,37,37,47,47,31,31,40,40,33,33,42,42
polished_andesite_stairs|24,24,25,25,26,26,27,27,28,28,29,29,30,30,31,31,32,32,33,33,34,34,35,35,36,36,37,37,38,38,39,39,40,40,41,41,42,42,43,43,44,44,36,36,25,25,38,38,27,27,45,45,41,41,30,30,43,43,32,32,46,46,26,26,35,35,28,28,37,37,47,47,31,31,40,40,33,33,42,42
diorite_stairs|24,24,25,25,26,26,27,27,28,28,29,29,30,30,31,31,32,32,33,33,34,34,35,35,36,36,37,37,38,38,39,39,40,40,41,41,42,42,43,43,44,44,36,36,25,25,38,38,27,27,45,45,41,41,30,30,43,43,32,32,46,46,26,26,35,35,28,28,37,37,47,47,31,31,40,40,33,33,42,42
polished_granite_slab|773,773,774,774,1,1
smooth_red_sandstone_slab|773,773,774,774,1,1
mossy_stone_brick_slab|773,773,774,774,1,1
polished_diorite_slab|773,773,774,774,1,1
mossy_cobblestone_slab|773,773,774,774,1,1
end_stone_brick_slab|773,773,774,774,1,1
smooth_sandstone_slab|773,773,774,774,1,1
smooth_quartz_slab|773,773,774,774,1,1
granite_slab|773,773,774,774,1,1
andesite_slab|773,773,774,774,1,1
red_nether_brick_slab|773,773,774,774,1,1
polished_andesite_slab|773,773,774,774,1,1
diorite_slab|773,773,774,774,1,1
brick_wall|993,994,995,993,994,995,0,996,997,0,996,997,998,999,1000,998,999,1000,1001,1002,1003,1001,1002,1003,1004,1005,1006,1004,1005,1006,1007,1008,1009,1007,1008,1009,1010,1011,1012,1010,1011,1012,1013,1014,1015,1013,1014,1015,1016,1017,1018,1016,1017,1018,1019,1020,1021,1019,1020,1021,1022,1023,1024,1022,1023,1024,1025,1026,1027,1025,1026,1027,1028,1029,1030,1028,1029,1030,1031,1032,1033,1031,1032,1033,1034,1035,1036,1034,1035,1036,1037,1038,1039,1037,1038,1039,1040,1041,1042,1040,1041,1042,1043,1044,1045,1043,1044,1045,1046,1047,1048,1046,1047,1048,1049,1050,1051,1049,1050,1051,1052,1053,1054,1052,1053,1054,1055,1056,1057,1055,1056,1057,1058,1059,1060,1058,1059,1060,1061,1062,1063,1061,1062,1063,1064,1065,1066,1064,1065,1066,1067,1068,1069,1067,1068,1069,1070,1071,1072,1070,1071,1072,1073,1074,1075,1073,1074,1075,1076,1077,1078,1076,1077,1078,1079,1080,1081,1079,1080,1081,1082,1083,1084,1082,1083,1084,1085,1086,1087,1085,1086,1087,1088,1089,1090,1088,1089,1090,1091,1092,1093,1091,1092,1093,1094,1095,1096,1094,1095,1096,1097,1098,1099,1097,1098,1099,1100,1101,1102,1100,1101,1102,1103,1104,1105,1103,1104,1105,1106,1107,1108,1106,1107,1108,1109,1110,1111,1109,1110,1111,1112,1113,1114,1112,1113,1114,1115,1116,1117,1115,1116,1117,1118,1119,1120,1118,1119,1120,1121,1122,1123,1121,1122,1123,1124,1125,1126,1124,1125,1126,1127,1128,1129,1127,1128,1129,1130,1131,1132,1130,1131,1132,1133,1134,1135,1133,1134,1135,1136,1137,1138,1136,1137,1138,1139,1140,1141,1139,1140,1141,1142,1143,1144,1142,1143,1144,1145,1146,1147,1145,1146,1147,1148,1149,1150,1148,1149,1150,1151,1152,1153,1151,1152,1153
prismarine_wall|1154,1155,1156,1154,1155,1156,0,1157,1158,0,1157,1158,1159,1160,1161,1159,1160,1161,1162,1163,1164,1162,1163,1164,1165,1166,1167,1165,1166,1167,1168,1169,1170,1168,1169,1170,1171,1172,1173,1171,1172,1173,1174,1175,1176,1174,1175,1176,1177,1178,1179,1177,1178,1179,1180,1181,1182,1180,1181,1182,1183,1184,1185,1183,1184,1185,1186,1187,1188,1186,1187,1188,1189,1190,1191,1189,1190,1191,1192,1193,1194,1192,1193,1194,1195,1196,1197,1195,1196,1197,1198,1199,1200,1198,1199,1200,1201,1202,1203,1201,1202,1203,1204,1205,1206,1204,1205,1206,1207,1208,1209,1207,1208,1209,1210,1211,1212,1210,1211,1212,1213,1214,1215,1213,1214,1215,1216,1217,1218,1216,1217,1218,1219,1220,1221,1219,1220,1221,1222,1223,1224,1222,1223,1224,1225,1226,1227,1225,1226,1227,1228,1229,1230,1228,1229,1230,1231,1232,1233,1231,1232,1233,1234,1235,1236,1234,1235,1236,1237,1238,1239,1237,1238,1239,1240,1241,1242,1240,1241,1242,1243,1244,1245,1243,1244,1245,1246,1247,1248,1246,1247,1248,1249,1250,1251,1249,1250,1251,1252,1253,1254,1252,1253,1254,1255,1256,1257,1255,1256,1257,1258,1259,1260,1258,1259,1260,1261,1262,1263,1261,1262,1263,1264,1265,1266,1264,1265,1266,1267,1268,1269,1267,1268,1269,1270,1271,1272,1270,1271,1272,1273,1274,1275,1273,1274,1275,1276,1277,1278,1276,1277,1278,1279,1280,1281,1279,1280,1281,1282,1283,1284,1282,1283,1284,1285,1286,1287,1285,1286,1287,1288,1289,1290,1288,1289,1290,1291,1292,1293,1291,1292,1293,1294,1295,1296,1294,1295,1296,1297,1298,1299,1297,1298,1299,1300,1301,1302,1300,1301,1302,1303,1304,1305,1303,1304,1305,1306,1307,1308,1306,1307,1308,1309,1310,1311,1309,1310,1311,1312,1313,1314,1312,1313,1314
red_sandstone_wall|1315,1316,1317,1315,1316,1317,0,1318,1319,0,1318,1319,1320,1321,1322,1320,1321,1322,1323,1324,1325,1323,1324,1325,1326,1327,1328,1326,1327,1328,1329,1330,1331,1329,1330,1331,1332,1333,1334,1332,1333,1334,1335,1336,1337,1335,1336,1337,1338,1339,1340,1338,1339,1340,1341,1342,1343,1341,1342,1343,1344,1345,1346,1344,1345,1346,1347,1348,1349,1347,1348,1349,1350,1351,1352,1350,1351,1352,1353,1354,1355,1353,1354,1355,1356,1357,1358,1356,1357,1358,1359,1360,1361,1359,1360,1361,1362,1363,1364,1362,1363,1364,1365,1366,1367,1365,1366,1367,1368,1369,1370,1368,1369,1370,1371,1372,1373,1371,1372,1373,1374,1375,1376,1374,1375,1376,1377,1378,1379,1377,1378,1379,1380,1381,1382,1380,1381,1382,1383,1384,1385,1383,1384,1385,1386,1387,1388,1386,1387,1388,1389,1390,1391,1389,1390,1391,1392,1393,1394,1392,1393,1394,1395,1396,1397,1395,1396,1397,1398,1399,1400,1398,1399,1400,1401,1402,1403,1401,1402,1403,1404,1405,1406,1404,1405,1406,1407,1408,1409,1407,1408,1409,1410,1411,1412,1410,1411,1412,1413,1414,1415,1413,1414,1415,1416,1417,1418,1416,1417,1418,1419,1420,1421,1419,1420,1421,1422,1423,1424,1422,1423,1424,1425,1426,1427,1425,1426,1427,1428,1429,1430,1428,1429,1430,1431,1432,1433,1431,1432,1433,1434,1435,1436,1434,1435,1436,1437,1438,1439,1437,1438,1439,1440,1441,1442,1440,1441,1442,1443,1444,1445,1443,1444,1445,1446,1447,1448,1446,1447,1448,1449,1450,1451,1449,1450,1451,1452,1453,1454,1452,1453,1454,1455,1456,1457,1455,1456,1457,1458,1459,1460,1458,1459,1460,1461,1462,1463,1461,1462,1463,1464,1465,1466,1464,1465,1466,1467,1468,1469,1467,1468,1469,1470,1471,1472,1470,1471,1472,1473,1474,1475,1473,1474,1475
mossy_stone_brick_wall|1476,1477,1478,1476,1477,1478,0,1479,1480,0,1479,1480,1481,1482,1483,1481,1482,1483,1484,1485,1486,1484,1485,1486,1487,1488,1489,1487,1488,1489,1490,1491,1492,1490,1491,1492,1493,1494,1495,1493,1494,1495,1496,1497,1498,1496,1497,1498,1499,1500,1501,1499,1500,1501,1502,1503,1504,1502,1503,1504,1505,1506,1507,1505,1506,1507,1508,1509,1510,1508,1509,1510,1511,1512,1513,1511,1512,1513,1514,1515,1516,1514,1515,1516,1517,1518,1519,1517,1518,1519,1520,1521,1522,1520,1521,1522,1523,1524,1525,1523,1524,1525,1526,1527,1528,1526,1527,1528,1529,1530,1531,1529,1530,1531,1532,1533,1534,1532,1533,1534,1535,1536,1537,1535,1536,1537,1538,1539,1540,1538,1539,1540,1541,1542,1543,1541,1542,1543,1544,1545,1546,1544,1545,1546,1547,1548,1549,1547,1548,1549,1550,1551,1552,1550,1551,1552,1553,1554,1555,1553,1554,1555,1556,1557,1558,1556,1557,1558,1559,1560,1561,1559,1560,1561,1562,1563,1564,1562,1563,1564,1565,1566,1567,1565,1566,1567,1568,1569,1570,1568,1569,1570,1571,1572,1573,1571,1572,1573,1574,1575,1576,1574,1575,1576,1577,1578,1579,1577,1578,1579,1580,1581,1582,1580,1581,1582,1583,1584,1585,1583,1584,1585,1586,1587,1588,1586,1587,1588,1589,1590,1591,1589,1590,1591,1592,1593,1594,1592,1593,1594,1595,1596,1597,1595,1596,1597,1598,1599,1600,1598,1599,1600,1601,1602,1603,1601,1602,1603,1604,1605,1606,1604,1605,1606,1607,1608,1609,1607,1608,1609,1610,1611,1612,1610,1611,1612,1613,1614,1615,1613,1614,1615,1616,1617,1618,1616,1617,1618,1619,1620,1621,1619,1620,1621,1622,1623,1624,1622,1623,1624,1625,1626,1627,1625,1626,1627,1628,1629,1630,1628,1629,1630,1631,1632,1633,1631,1632,1633,1634,1635,1636,1634,1635,1636
granite_wall|1637,1638,1639,1637,1638,1639,0,1640,1641,0,1640,1641,1642,1643,1644,1642,1643,1644,1645,1646,1647,1645,1646,1647,1648,1649,1650,1648,1649,1650,1651,1652,1653,1651,1652,1653,1654,1655,1656,1654,1655,1656,1657,1658,1659,1657,1658,1659,1660,1661,1662,1660,1661,1662,1663,1664,1665,1663,1664,1665,1666,1667,1668,1666,1667,1668,1669,1670,1671,1669,1670,1671,1672,1673,1674,1672,1673,1674,1675,1676,1677,1675,1676,1677,1678,1679,1680,1678,1679,1680,1681,1682,1683,1681,1682,1683,1684,1685,1686,1684,1685,1686,1687,1688,1689,1687,1688,1689,1690,1691,1692,1690,1691,1692,1693,1694,1695,1693,1694,1695,1696,1697,1698,1696,1697,1698,1699,1700,1701,1699,1700,1701,1702,1703,1704,1702,1703,1704,1705,1706,1707,1705,1706,1707,1708,1709,1710,1708,1709,1710,1711,1712,1713,1711,1712,1713,1714,1715,1716,1714,1715,1716,1717,1718,1719,1717,1718,1719,1720,1721,1722,1720,1721,1722,1723,1724,1725,1723,1724,1725,1726,1727,1728,1726,1727,1728,1729,1730,1731,1729,1730,1731,1732,1733,1734,1732,1733,1734,1735,1736,1737,1735,1736,1737,1738,1739,1740,1738,1739,1740,1741,1742,1743,1741,1742,1743,1744,1745,1746,1744,1745,1746,1747,1748,1749,1747,1748,1749,1750,1751,1752,1750,1751,1752,1753,1754,1755,1753,1754,1755,1756,1757,1758,1756,1757,1758,1759,1760,1761,1759,1760,1761,1762,1763,1764,1762,1763,1764,1765,1766,1767,1765,1766,1767,1768,1769,1770,1768,1769,1770,1771,1772,1773,1771,1772,1773,1774,1775,1776,1774,1775,1776,1777,1778,1779,1777,1778,1779,1780,1781,1782,1780,1781,1782,1783,1784,1785,1783,1784,1785,1786,1787,1788,1786,1787,1788,1789,1790,1791,1789,1790,1791,1792,1793,1794,1792,1793,1794,1795,1796,1797,1795,1796,1797
stone_brick_wall|1798,1799,1800,1798,1799,1800,0,1801,1802,0,1801,1802,1803,1804,1805,1803,1804,1805,1806,1807,1808,1806,1807,1808,1809,1810,1811,1809,1810,1811,1812,1813,1814,1812,1813,1814,1815,1816,1817,1815,1816,1817,1818,1819,1820,1818,1819,1820,1821,1822,1823,1821,1822,1823,1824,1825,1826,1824,1825,1826,1827,1828,1829,1827,1828,1829,1830,1831,1832,1830,1831,1832,1833,1834,1835,1833,1834,1835,1836,1837,1838,1836,1837,1838,1839,1840,1841,1839,1840,1841,1842,1843,1844,1842,1843,1844,1845,1846,1847,1845,1846,1847,1848,1849,1850,1848,1849,1850,1851,1852,1853,1851,1852,1853,1854,1855,1856,1854,1855,1856,1857,1858,1859,1857,1858,1859,1860,1861,1862,1860,1861,1862,1863,1864,1865,1863,1864,1865,1866,1867,1868,1866,1867,1868,1869,1870,1871,1869,1870,1871,1872,1873,1874,1872,1873,1874,1875,1876,1877,1875,1876,1877,1878,1879,1880,1878,1879,1880,1881,1882,1883,1881,1882,1883,1884,1885,1886,1884,1885,1886,1887,1888,1889,1887,1888,1889,1890,1891,1892,1890,1891,1892,1893,1894,1895,1893,1894,1895,1896,1897,1898,1896,1897,1898,1899,1900,1901,1899,1900,1901,1902,1903,1904,1902,1903,1904,1905,1906,1907,1905,1906,1907,1908,1909,1910,1908,1909,1910,1911,1912,1913,1911,1912,1913,1914,1915,1916,1914,1915,1916,1917,1918,1919,1917,1918,1919,1920,1921,1922,1920,1921,1922,1923,1924,1925,1923,1924,1925,1926,1927,1928,1926,1927,1928,1929,1930,1931,1929,1930,1931,1932,1933,1934,1932,1933,1934,1935,1936,1937,1935,1936,1937,1938,1939,1940,1938,1939,1940,1941,1942,1943,1941,1942,1943,1944,1945,1946,1944,1945,1946,1947,1948,1949,1947,1948,1949,1950,1951,1952,1950,1951,1952,1953,1954,1955,1953,1954,1955,1956,1957,1958,1956,1957,1958
mud_brick_wall|1959,1960,1961,1959,1960,1961,0,1962,1963,0,1962,1963,1964,1965,1966,1964,1965,1966,1967,1968,1969,1967,1968,1969,1970,1971,1972,1970,1971,1972,1973,1974,1975,1973,1974,1975,1976,1977,1978,1976,1977,1978,1979,1980,1981,1979,1980,1981,1982,1983,1984,1982,1983,1984,1985,1986,1987,1985,1986,1987,1988,1989,1990,1988,1989,1990,1991,1992,1993,1991,1992,1993,1994,1995,1996,1994,1995,1996,1997,1998,1999,1997,1998,1999,2000,2001,2002,2000,2001,2002,2003,2004,2005,2003,2004,2005,2006,2007,2008,2006,2007,2008,2009,2010,2011,2009,2010,2011,2012,2013,2014,2012,2013,2014,2015,2016,2017,2015,2016,2017,2018,2019,2020,2018,2019,2020,2021,2022,2023,2021,2022,2023,2024,2025,2026,2024,2025,2026,2027,2028,2029,2027,2028,2029,2030,2031,2032,2030,2031,2032,2033,2034,2035,2033,2034,2035,2036,2037,2038,2036,2037,2038,2039,2040,2041,2039,2040,2041,2042,2043,2044,2042,2043,2044,2045,2046,2047,2045,2046,2047,2048,2049,2050,2048,2049,2050,2051,2052,2053,2051,2052,2053,2054,2055,2056,2054,2055,2056,2057,2058,2059,2057,2058,2059,2060,2061,2062,2060,2061,2062,2063,2064,2065,2063,2064,2065,2066,2067,2068,2066,2067,2068,2069,2070,2071,2069,2070,2071,2072,2073,2074,2072,2073,2074,2075,2076,2077,2075,2076,2077,2078,2079,2080,2078,2079,2080,2081,2082,2083,2081,2082,2083,2084,2085,2086,2084,2085,2086,2087,2088,2089,2087,2088,2089,2090,2091,2092,2090,2091,2092,2093,2094,2095,2093,2094,2095,2096,2097,2098,2096,2097,2098,2099,2100,2101,2099,2100,2101,2102,2103,2104,2102,2103,2104,2105,2106,2107,2105,2106,2107,2108,2109,2110,2108,2109,2110,2111,2112,2113,2111,2112,2113,2114,2115,2116,2114,2115,2116,2117,2118,2119,2117,2118,2119
nether_brick_wall|2120,2121,2122,2120,2121,2122,0,2123,2124,0,2123,2124,2125,2126,2127,2125,2126,2127,2128,2129,2130,2128,2129,2130,2131,2132,2133,2131,2132,2133,2134,2135,2136,2134,2135,2136,2137,2138,2139,2137,2138,2139,2140,2141,2142,2140,2141,2142,2143,2144,2145,2143,2144,2145,2146,2147,2148,2146,2147,2148,2149,2150,2151,2149,2150,2151,2152,2153,2154,2152,2153,2154,2155,2156,2157,2155,2156,2157,2158,2159,2160,2158,2159,2160,2161,2162,2163,2161,2162,2163,2164,2165,2166,2164,2165,2166,2167,2168,2169,2167,2168,2169,2170,2171,2172,2170,2171,2172,2173,2174,2175,2173,2174,2175,2176,2177,2178,2176,2177,2178,2179,2180,2181,2179,2180,2181,2182,2183,2184,2182,2183,2184,2185,2186,2187,2185,2186,2187,2188,2189,2190,2188,2189,2190,2191,2192,2193,2191,2192,2193,2194,2195,2196,2194,2195,2196,2197,2198,2199,2197,2198,2199,2200,2201,2202,2200,2201,2202,2203,2204,2205,2203,2204,2205,2206,2207,2208,2206,2207,2208,2209,2210,2211,2209,2210,2211,2212,2213,2214,2212,2213,2214,2215,2216,2217,2215,2216,2217,2218,2219,2220,2218,2219,2220,2221,2222,2223,2221,2222,2223,2224,2225,2226,2224,2225,2226,2227,2228,2229,2227,2228,2229,2230,2231,2232,2230,2231,2232,2233,2234,2235,2233,2234,2235,2236,2237,2238,2236,2237,2238,2239,2240,2241,2239,2240,2241,2242,2243,2244,2242,2243,2244,2245,2246,2247,2245,2246,2247,2248,2249,2250,2248,2249,2250,2251,2252,2253,2251,2252,2253,2254,2255,2256,2254,2255,2256,2257,2258,2259,2257,2258,2259,2260,2261,2262,2260,2261,2262,2263,2264,2265,2263,2264,2265,2266,2267,2268,2266,2267,2268,2269,2270,2271,2269,2270,2271,2272,2273,2274,2272,2273,2274,2275,2276,2277,2275,2276,2277,2278,2279,2280,2278,2279,2280
andesite_wall|2281,2282,2283,2281,2282,2283,0,2284,2285,0,2284,2285,2286,2287,2288,2286,2287,2288,2289,2290,2291,2289,2290,2291,2292,2293,2294,2292,2293,2294,2295,2296,2297,2295,2296,2297,2298,2299,2300,2298,2299,2300,2301,2302,2303,2301,2302,2303,2304,2305,2306,2304,2305,2306,2307,2308,2309,2307,2308,2309,2310,2311,2312,2310,2311,2312,2313,2314,2315,2313,2314,2315,2316,2317,2318,2316,2317,2318,2319,2320,2321,2319,2320,2321,2322,2323,2324,2322,2323,2324,2325,2326,2327,2325,2326,2327,2328,2329,2330,2328,2329,2330,2331,2332,2333,2331,2332,2333,2334,2335,2336,2334,2335,2336,2337,2338,2339,2337,2338,2339,2340,2341,2342,2340,2341,2342,2343,2344,2345,2343,2344,2345,2346,2347,2348,2346,2347,2348,2349,2350,2351,2349,2350,2351,2352,2353,2354,2352,2353,2354,2355,2356,2357,2355,2356,2357,2358,2359,2360,2358,2359,2360,2361,2362,2363,2361,2362,2363,2364,2365,2366,2364,2365,2366,2367,2368,2369,2367,2368,2369,2370,2371,2372,2370,2371,2372,2373,2374,2375,2373,2374,2375,2376,2377,2378,2376,2377,2378,2379,2380,2381,2379,2380,2381,2382,2383,2384,2382,2383,2384,2385,2386,2387,2385,2386,2387,2388,2389,2390,2388,2389,2390,2391,2392,2393,2391,2392,2393,2394,2395,2396,2394,2395,2396,2397,2398,2399,2397,2398,2399,2400,2401,2402,2400,2401,2402,2403,2404,2405,2403,2404,2405,2406,2407,2408,2406,2407,2408,2409,2410,2411,2409,2410,2411,2412,2413,2414,2412,2413,2414,2415,2416,2417,2415,2416,2417,2418,2419,2420,2418,2419,2420,2421,2422,2423,2421,2422,2423,2424,2425,2426,2424,2425,2426,2427,2428,2429,2427,2428,2429,2430,2431,2432,2430,2431,2432,2433,2434,2435,2433,2434,2435,2436,2437,2438,2436,2437,2438,2439,2440,2441,2439,2440,2441
red_nether_brick_wall|2442,2443,2444,2442,2443,2444,0,2445,2446,0,2445,2446,2447,2448,2449,2447,2448,2449,2450,2451,2452,2450,2451,2452,2453,2454,2455,2453,2454,2455,2456,2457,2458,2456,2457,2458,2459,2460,2461,2459,2460,2461,2462,2463,2464,2462,2463,2464,2465,2466,2467,2465,2466,2467,2468,2469,2470,2468,2469,2470,2471,2472,2473,2471,2472,2473,2474,2475,2476,2474,2475,2476,2477,2478,2479,2477,2478,2479,2480,2481,2482,2480,2481,2482,2483,2484,2485,2483,2484,2485,2486,2487,2488,2486,2487,2488,2489,2490,2491,2489,2490,2491,2492,2493,2494,2492,2493,2494,2495,2496,2497,2495,2496,2497,2498,2499,2500,2498,2499,2500,2501,2502,2503,2501,2502,2503,2504,2505,2506,2504,2505,2506,2507,2508,2509,2507,2508,2509,2510,2511,2512,2510,2511,2512,2513,2514,2515,2513,2514,2515,2516,2517,2518,2516,2517,2518,2519,2520,2521,2519,2520,2521,2522,2523,2524,2522,2523,2524,2525,2526,2527,2525,2526,2527,2528,2529,2530,2528,2529,2530,2531,2532,2533,2531,2532,2533,2534,2535,2536,2534,2535,2536,2537,2538,2539,2537,2538,2539,2540,2541,2542,2540,2541,2542,2543,2544,2545,2543,2544,2545,2546,2547,2548,2546,2547,2548,2549,2550,2551,2549,2550,2551,2552,2553,2554,2552,2553,2554,2555,2556,2557,2555,2556,2557,2558,2559,2560,2558,2559,2560,2561,2562,2563,2561,2562,2563,2564,2565,2566,2564,2565,2566,2567,2568,2569,2567,2568,2569,2570,2571,2572,2570,2571,2572,2573,2574,2575,2573,2574,2575,2576,2577,2578,2576,2577,2578,2579,2580,2581,2579,2580,2581,2582,2583,2584,2582,2583,2584,2585,2586,2587,2585,2586,2587,2588,2589,2590,2588,2589,2590,2591,2592,2593,2591,2592,2593,2594,2595,2596,2594,2595,2596,2597,2598,2599,2597,2598,2599,2600,2601,2602,2600,2601,2602
sandstone_wall|2603,2604,2605,2603,2604,2605,0,2606,2607,0,2606,2607,2608,2609,2610,2608,2609,2610,2611,2612,2613,2611,2612,2613,2614,2615,2616,2614,2615,2616,2617,2618,2619,2617,2618,2619,2620,2621,2622,2620,2621,2622,2623,2624,2625,2623,2624,2625,2626,2627,2628,2626,2627,2628,2629,2630,2631,2629,2630,2631,2632,2633,2634,2632,2633,2634,2635,2636,2637,2635,2636,2637,2638,2639,2640,2638,2639,2640,2641,2642,2643,2641,2642,2643,2644,2645,2646,2644,2645,2646,2647,2648,2649,2647,2648,2649,2650,2651,2652,2650,2651,2652,2653,2654,2655,2653,2654,2655,2656,2657,2658,2656,2657,2658,2659,2660,2661,2659,2660,2661,2662,2663,2664,2662,2663,2664,2665,2666,2667,2665,2666,2667,2668,2669,2670,2668,2669,2670,2671,2672,2673,2671,2672,2673,2674,2675,2676,2674,2675,2676,2677,2678,2679,2677,2678,2679,2680,2681,2682,2680,2681,2682,2683,2684,2685,2683,2684,2685,2686,2687,2688,2686,2687,2688,2689,2690,2691,2689,2690,2691,2692,2693,2694,2692,2693,2694,2695,2696,2697,2695,2696,2697,2698,2699,2700,2698,2699,2700,2701,2702,2703,2701,2702,2703,2704,2705,2706,2704,2705,2706,2707,2708,2709,2707,2708,2709,2710,2711,2712,2710,2711,2712,2713,2714,2715,2713,2714,2715,2716,2717,2718,2716,2717,2718,2719,2720,2721,2719,2720,2721,2722,2723,2724,2722,2723,2724,2725,2726,2727,2725,2726,2727,2728,2729,2730,2728,2729,2730,2731,2732,2733,2731,2732,2733,2734,2735,2736,2734,2735,2736,2737,2738,2739,2737,2738,2739,2740,2741,2742,2740,2741,2742,2743,2744,2745,2743,2744,2745,2746,2747,2748,2746,2747,2748,2749,2750,2751,2749,2750,2751,2752,2753,2754,2752,2753,2754,2755,2756,2757,2755,2756,2757,2758,2759,2760,2758,2759,2760,2761,2762,2763,2761,2762,2763
end_stone_brick_wall|2764,2765,2766,2764,2765,2766,0,2767,2768,0,2767,2768,2769,2770,2771,2769,2770,2771,2772,2773,2774,2772,2773,2774,2775,2776,2777,2775,2776,2777,2778,2779,2780,2778,2779,2780,2781,2782,2783,2781,2782,2783,2784,2785,2786,2784,2785,2786,2787,2788,2789,2787,2788,2789,2790,2791,2792,2790,2791,2792,2793,2794,2795,2793,2794,2795,2796,2797,2798,2796,2797,2798,2799,2800,2801,2799,2800,2801,2802,2803,2804,2802,2803,2804,2805,2806,2807,2805,2806,2807,2808,2809,2810,2808,2809,2810,2811,2812,2813,2811,2812,2813,2814,2815,2816,2814,2815,2816,2817,2818,2819,2817,2818,2819,2820,2821,2822,2820,2821,2822,2823,2824,2825,2823,2824,2825,2826,2827,2828,2826,2827,2828,2829,2830,2831,2829,2830,2831,2832,2833,2834,2832,2833,2834,2835,2836,2837,2835,2836,2837,2838,2839,2840,2838,2839,2840,2841,2842,2843,2841,2842,2843,2844,2845,2846,2844,2845,2846,2847,2848,2849,2847,2848,2849,2850,2851,2852,2850,2851,2852,2853,2854,2855,2853,2854,2855,2856,2857,2858,2856,2857,2858,2859,2860,2861,2859,2860,2861,2862,2863,2864,2862,2863,2864,2865,2866,2867,2865,2866,2867,2868,2869,2870,2868,2869,2870,2871,2872,2873,2871,2872,2873,2874,2875,2876,2874,2875,2876,2877,2878,2879,2877,2878,2879,2880,2881,2882,2880,2881,2882,2883,2884,2885,2883,2884,2885,2886,2887,2888,2886,2887,2888,2889,2890,2891,2889,2890,2891,2892,2893,2894,2892,2893,2894,2895,2896,2897,2895,2896,2897,2898,2899,2900,2898,2899,2900,2901,2902,2903,2901,2902,2903,2904,2905,2906,2904,2905,2906,2907,2908,2909,2907,2908,2909,2910,2911,2912,2910,2911,2912,2913,2914,2915,2913,2914,2915,2916,2917,2918,2916,2917,2918,2919,2920,2921,2919,2920,2921,2922,2923,2924,2922,2923,2924
diorite_wall|2925,2926,2927,2925,2926,2927,0,2928,2929,0,2928,2929,2930,2931,2932,2930,2931,2932,2933,2934,2935,2933,2934,2935,2936,2937,2938,2936,2937,2938,2939,2940,2941,2939,2940,2941,2942,2943,2944,2942,2943,2944,2945,2946,2947,2945,2946,2947,2948,2949,2950,2948,2949,2950,2951,2952,2953,2951,2952,2953,2954,2955,2956,2954,2955,2956,2957,2958,2959,2957,2958,2959,2960,2961,2962,2960,2961,2962,2963,2964,2965,2963,2964,2965,2966,2967,2968,2966,2967,2968,2969,2970,2971,2969,2970,2971,2972,2973,2974,2972,2973,2974,2975,2976,2977,2975,2976,2977,2978,2979,2980,2978,2979,2980,2981,2982,2983,2981,2982,2983,2984,2985,2986,2984,2985,2986,2987,2988,2989,2987,2988,2989,2990,2991,2992,2990,2991,2992,2993,2994,2995,2993,2994,2995,2996,2997,2998,2996,2997,2998,2999,3000,3001,2999,3000,3001,3002,3003,3004,3002,3003,3004,3005,3006,3007,3005,3006,3007,3008,3009,3010,3008,3009,3010,3011,3012,3013,3011,3012,3013,3014,3015,3016,3014,3015,3016,3017,3018,3019,3017,3018,3019,3020,3021,3022,3020,3021,3022,3023,3024,3025,3023,3024,3025,3026,3027,3028,3026,3027,3028,3029,3030,3031,3029,3030,3031,3032,3033,3034,3032,3033,3034,3035,3036,3037,3035,3036,3037,3038,3039,3040,3038,3039,3040,3041,3042,3043,3041,3042,3043,3044,3045,3046,3044,3045,3046,3047,3048,3049,3047,3048,3049,3050,3051,3052,3050,3051,3052,3053,3054,3055,3053,3054,3055,3056,3057,3058,3056,3057,3058,3059,3060,3061,3059,3060,3061,3062,3063,3064,3062,3063,3064,3065,3066,3067,3065,3066,3067,3068,3069,3070,3068,3069,3070,3071,3072,3073,3071,3072,3073,3074,3075,3076,3074,3075,3076,3077,3078,3079,3077,3078,3079,3080,3081,3082,3080,3081,3082,3083,3084,3085,3083,3084,3085
scaffolding|3086
loom|1
barrel|1
smoker|1
blast_furnace|1
cartography_table|1
fletching_table|1
grindstone|3087,3087,3088,3088,3089,3090,3091,3092,3093,3093,3094,3094
lectern|3095
smithing_table|1
stonecutter|3096
bell|3097,3097,3097,3097,3098,3098,3098,3098,3099,3099,3099,3099,3099,3099,3099,3099,3100,3100,3101,3101,3102,3102,3103,3103,3104,3104,3104,3104,3105,3105,3105,3105
lantern|3106,3106,3107,3107
soul_lantern|3106,3106,3107,3107
campfire|3108
soul_campfire|3108
sweet_berry_bush
warped_stem|1
stripped_warped_stem|1
warped_hyphae|1
stripped_warped_hyphae|1
warped_nylium|1
warped_fungus
warped_wart_block|1
warped_roots
nether_sprouts
crimson_stem|1
stripped_crimson_stem|1
crimson_hyphae|1
stripped_crimson_hyphae|1
crimson_nylium|1
crimson_fungus
shroomlight|1
weeping_vines
weeping_vines_plant
twisting_vines
twisting_vines_plant
crimson_roots
crimson_planks|1
warped_planks|1
crimson_slab|773,773,774,774,1,1
warped_slab|773,773,774,774,1,1
crimson_pressure_plate
warped_pressure_plate
crimson_fence|3109,3110,3109,3110,3111,3112,3111,3112,3113,3114,3113,3114,3115,3116,3115,3116,3117,3118,3117,3118,3119,3120,3119,3120,3121,3122,3121,3122,3123,3124,3123,3124
warped_fence|3125,3126,3125,3126,3127,3128,3127,3128,3129,3130,3129,3130,3131,3132,3131,3132,3133,3134,3133,3134,3135,3136,3135,3136,3137,3138,3137,3138,3139,3140,3139,3140
crimson_trapdoor|97,97,97,97,98,98,98,98,97,97,97,97,99,99,99,99,100,100,100,100,98,98,98,98,100,100,100,100,99,99,99,99,101,101,101,101,98,98,98,98,101,101,101,101,99,99,99,99,102,102,102,102,98,98,98,98,102,102,102,102,99,99,99,99
warped_trapdoor|97,97,97,97,98,98,98,98,97,97,97,97,99,99,99,99,100,100,100,100,98,98,98,98,100,100,100,100,99,99,99,99,101,101,101,101,98,98,98,98,101,101,101,101,99,99,99,99,102,102,102,102,98,98,98,98,102,102,102,102,99,99,99,99
crimson_fence_gate|0,0,138,138,0,0,138,138,0,0,138,138,0,0,138,138,0,0,139,139,0,0,139,139,0,0,139,139,0,0,139,139
warped_fence_gate|0,0,138,138,0,0,138,138,0,0,138,138,0,0,138,138,0,0,139,139,0,0,139,139,0,0,139,139,0,0,139,139
crimson_stairs|24,24,25,25,26,26,27,27,28,28,29,29,30,30,31,31,32,32,33,33,34,34,35,35,36,36,37,37,38,38,39,39,40,40,41,41,42,42,43,43,44,44,36,36,25,25,38,38,27,27,45,45,41,41,30,30,43,43,32,32,46,46,26,26,35,35,28,28,37,37,47,47,31,31,40,40,33,33,42,42
warped_stairs|24,24,25,25,26,26,27,27,28,28,29,29,30,30,31,31,32,32,33,33,34,34,35,35,36,36,37,37,38,38,39,39,40,40,41,41,42,42,43,43,44,44,36,36,25,25,38,38,27,27,45,45,41,41,30,30,43,43,32,32,46,46,26,26,35,35,28,28,37,37,47,47,31,31,40,40,33,33,42,42
crimson_button
warped_button
crimson_door|54,54,55,55,56,56,55,55,54,54,55,55,56,56,55,55,56,56,57,57,54,54,57,57,56,56,57,57,54,54,57,57,55,55,56,56,57,57,56,56,55,55,56,56,57,57,56,56,57,57,54,54,55,55,54,54,57,57,54,54,55,55,54,54
warped_door|54,54,55,55,56,56,55,55,54,54,55,55,56,56,55,55,56,56,57,57,54,54,57,57,56,56,57,57,54,54,57,57,55,55,56,56,57,57,56,56,55,55,56,56,57,57,56,56,57,57,54,54,55,55,54,54,57,57,54,54,55,55,54,54
crimson_sign
warped_sign
crimson_wall_sign
warped_wall_sign
structure_block|1
jigsaw|1
composter|3141
target|1
bee_nest|1
beehive|1
honey_block|3142
honeycomb_block|1
netherite_block|1
ancient_debris|1
crying_obsidian|1
respawn_anchor|1
potted_crimson_fungus|498
potted_warped_fungus|498
potted_crimson_roots|498
potted_warped_roots|498
lodestone|1
blackstone|1
blackstone_stairs|24,24,25,25,26,26,27,27,28,28,29,29,30,30,31,31,32,32,33,33,34,34,35,35,36,36,37,37,38,38,39,39,40,40,41,41,42,42,43,43,44,44,36,36,25,25,38,38,27,27,45,45,41,41,30,30,43,43,32,32,46,46,26,26,35,35,28,28,37,37,47,47,31,31,40,40,33,33,42,42
blackstone_wall|3143,3144,3145,3143,3144,3145,0,3146,3147,0,3146,3147,3148,3149,3150,3148,3149,3150,3151,3152,3153,3151,3152,3153,3154,3155,3156,3154,3155,3156,3157,3158,3159,3157,3158,3159,3160,3161,3162,3160,3161,3162,3163,3164,3165,3163,3164,3165,3166,3167,3168,3166,3167,3168,3169,3170,3171,3169,3170,3171,3172,3173,3174,3172,3173,3174,3175,3176,3177,3175,3176,3177,3178,3179,3180,3178,3179,3180,3181,3182,3183,3181,3182,3183,3184,3185,3186,3184,3185,3186,3187,3188,3189,3187,3188,3189,3190,3191,3192,3190,3191,3192,3193,3194,3195,3193,3194,3195,3196,3197,3198,3196,3197,3198,3199,3200,3201,3199,3200,3201,3202,3203,3204,3202,3203,3204,3205,3206,3207,3205,3206,3207,3208,3209,3210,3208,3209,3210,3211,3212,3213,3211,3212,3213,3214,3215,3216,3214,3215,3216,3217,3218,3219,3217,3218,3219,3220,3221,3222,3220,3221,3222,3223,3224,3225,3223,3224,3225,3226,3227,3228,3226,3227,3228,3229,3230,3231,3229,3230,3231,3232,3233,3234,3232,3233,3234,3235,3236,3237,3235,3236,3237,3238,3239,3240,3238,3239,3240,3241,3242,3243,3241,3242,3243,3244,3245,3246,3244,3245,3246,3247,3248,3249,3247,3248,3249,3250,3251,3252,3250,3251,3252,3253,3254,3255,3253,3254,3255,3256,3257,3258,3256,3257,3258,3259,3260,3261,3259,3260,3261,3262,3263,3264,3262,3263,3264,3265,3266,3267,3265,3266,3267,3268,3269,3270,3268,3269,3270,3271,3272,3273,3271,3272,3273,3274,3275,3276,3274,3275,3276,3277,3278,3279,3277,3278,3279,3280,3281,3282,3280,3281,3282,3283,3284,3285,3283,3284,3285,3286,3287,3288,3286,3287,3288,3289,3290,3291,3289,3290,3291,3292,3293,3294,3292,3293,3294,3295,3296,3297,3295,3296,3297,3298,3299,3300,3298,3299,3300,3301,3302,3303,3301,3302,3303
blackstone_slab|773,773,774,774,1,1
polished_blackstone|1
polished_blackstone_bricks|1
cracked_polished_blackstone_bricks|1
chiseled_polished_blackstone|1
polished_blackstone_brick_slab|773,773,774,774,1,1
polished_blackstone_brick_stairs|24,24,25,25,26,26,27,27,28,28,29,29,30,30,31,31,32,32,33,33,34,34,35,35,36,36,37,37,38,38,39,39,40,40,41,41,42,42,43,43,44,44,36,36,25,25,38,38,27,27,45,45,41,41,30,30,43,43,32,32,46,46,26,26,35,35,28,28,37,37,47,47,31,31,40,40,33,33,42,42
polished_blackstone_brick_wall|3304,3305,3306,3304,3305,3306,0,3307,3308,0,3307,3308,3309,3310,3311,3309,3310,3311,3312,3313,3314,3312,3313,3314,3315,3316,3317,3315,3316,3317,3318,3319,3320,3318,3319,3320,3321,3322,3323,3321,3322,3323,3324,3325,3326,3324,3325,3326,3327,3328,3329,3327,3328,3329,3330,3331,3332,3330,3331,3332,3333,3334,3335,3333,3334,3335,3336,3337,3338,3336,3337,3338,3339,3340,3341,3339,3340,3341,3342,3343,3344,3342,3343,3344,3345,3346,3347,3345,3346,3347,3348,3349,3350,3348,3349,3350,3351,3352,3353,3351,3352,3353,3354,3355,3356,3354,3355,3356,3357,3358,3359,3357,3358,3359,3360,3361,3362,3360,3361,3362,3363,3364,3365,3363,3364,3365,3366,3367,3368,3366,3367,3368,3369,3370,3371,3369,3370,3371,3372,3373,3374,3372,3373,3374,3375,3376,3377,3375,3376,3377,3378,3379,3380,3378,3379,3380,3381,3382,3383,3381,3382,3383,3384,3385,3386,3384,3385,3386,3387,3388,3389,3387,3388,3389,3390,3391,3392,3390,3391,3392,3393,3394,3395,3393,3394,3395,3396,3397,3398,3396,3397,3398,3399,3400,3401,3399,3400,3401,3402,3403,3404,3402,3403,3404,3405,3406,3407,3405,3406,3407,3408,3409,3410,3408,3409,3410,3411,3412,3413,3411,3412,3413,3414,3415,3416,3414,3415,3416,3417,3418,3419,3417,3418,3419,3420,3421,3422,3420,3421,3422,3423,3424,3425,3423,3424,3425,3426,3427,3428,3426,3427,3428,3429,3430,3431,3429,3430,3431,3432,3433,3434,3432,3433,3434,3435,3436,3437,3435,3436,3437,3438,3439,3440,3438,3439,3440,3441,3442,3443,3441,3442,3443,3444,3445,3446,3444,3445,3446,3447,3448,3449,3447,3448,3449,3450,3451,3452,3450,3451,3452,3453,3454,3455,3453,3454,3455,3456,3457,3458,3456,3457,3458,3459,3460,3461,3459,3460,3461,3462,3463,3464,3462,3463,3464
gilded_blackstone|1
polished_blackstone_stairs|24,24,25,25,26,26,27,27,28,28,29,29,30,30,31,31,32,32,33,33,34,34,35,35,36,36,37,37,38,38,39,39,40,40,41,41,42,42,43,43,44,44,36,36,25,25,38,38,27,27,45,45,41,41,30,30,43,43,32,32,46,46,26,26,35,35,28,28,37,37,47,47,31,31,40,40,33,33,42,42
polished_blackstone_slab|773,773,774,774,1,1
polished_blackstone_pressure_plate
polished_blackstone_button
polished_blackstone_wall|3465,3466,3467,3465,3466,3467,0,3468,3469,0,3468,3469,3470,3471,3472,3470,3471,3472,3473,3474,3475,3473,3474,3475,3476,3477,3478,3476,3477,3478,3479,3480,3481,3479,3480,3481,3482,3483,3484,3482,3483,3484,3485,3486,3487,3485,3486,3487,3488,3489,3490,3488,3489,3490,3491,3492,3493,3491,3492,3493,3494,3495,3496,3494,3495,3496,3497,3498,3499,3497,3498,3499,3500,3501,3502,3500,3501,3502,3503,3504,3505,3503,3504,3505,3506,3507,3508,3506,3507,3508,3509,3510,3511,3509,3510,3511,3512,3513,3514,3512,3513,3514,3515,3516,3517,3515,3516,3517,3518,3519,3520,3518,3519,3520,3521,3522,3523,3521,3522,3523,3524,3525,3526,3524,3525,3526,3527,3528,3529,3527,3528,3529,3530,3531,3532,3530,3531,3532,3533,3534,3535,3533,3534,3535,3536,3537,3538,3536,3537,3538,3539,3540,3541,3539,3540,3541,3542,3543,3544,3542,3543,3544,3545,3546,3547,3545,3546,3547,3548,3549,3550,3548,3549,3550,3551,3552,3553,3551,3552,3553,3554,3555,3556,3554,3555,3556,3557,3558,3559,3557,3558,3559,3560,3561,3562,3560,3561,3562,3563,3564,3565,3563,3564,3565,3566,3567,3568,3566,3567,3568,3569,3570,3571,3569,3570,3571,3572,3573,3574,3572,3573,3574,3575,3576,3577,3575,3576,3577,3578,3579,3580,3578,3579,3580,3581,3582,3583,3581,3582,3583,3584,3585,3586,3584,3585,3586,3587,3588,3589,3587,3588,3589,3590,3591,3592,3590,3591,3592,3593,3594,3595,3593,3594,3595,3596,3597,3598,3596,3597,3598,3599,3600,3601,3599,3600,3601,3602,3603,3604,3602,3603,3604,3605,3606,3607,3605,3606,3607,3608,3609,3610,3608,3609,3610,3611,3612,3613,3611,3612,3613,3614,3615,3616,3614,3615,3616,3617,3618,3619,3617,3618,3619,3620,3621,3622,3620,3621,3622,3623,3624,3625,3623,3624,3625
chiseled_nether_bricks|1
cracked_nether_bricks|1
quartz_bricks|1
candle|3626,3626,3626,3626,3627,3627,3627,3627,3628,3628,3628,3628,3629,3629,3629,3629
white_candle|3626,3626,3626,3626,3627,3627,3627,3627,3628,3628,3628,3628,3629,3629,3629,3629
orange_candle|3626,3626,3626,3626,3627,3627,3627,3627,3628,3628,3628,3628,3629,3629,3629,3629
magenta_candle|3626,3626,3626,3626,3627,3627,3627,3627,3628,3628,3628,3628,3629,3629,3629,3629
light_blue_candle|3626,3626,3626,3626,3627,3627,3627,3627,3628,3628,3628,3628,3629,3629,3629,3629
yellow_candle|3626,3626,3626,3626,3627,3627,3627,3627,3628,3628,3628,3628,3629,3629,3629,3629
lime_candle|3626,3626,3626,3626,3627,3627,3627,3627,3628,3628,3628,3628,3629,3629,3629,3629
pink_candle|3626,3626,3626,3626,3627,3627,3627,3627,3628,3628,3628,3628,3629,3629,3629,3629
gray_candle|3626,3626,3626,3626,3627,3627,3627,3627,3628,3628,3628,3628,3629,3629,3629,3629
light_gray_candle|3626,3626,3626,3626,3627,3627,3627,3627,3628,3628,3628,3628,3629,3629,3629,3629
cyan_candle|3626,3626,3626,3626,3627,3627,3627,3627,3628,3628,3628,3628,3629,3629,3629,3629
purple_candle|3626,3626,3626,3626,3627,3627,3627,3627,3628,3628,3628,3628,3629,3629,3629,3629
blue_candle|3626,3626,3626,3626,3627,3627,3627,3627,3628,3628,3628,3628,3629,3629,3629,3629
brown_candle|3626,3626,3626,3626,3627,3627,3627,3627,3628,3628,3628,3628,3629,3629,3629,3629
green_candle|3626,3626,3626,3626,3627,3627,3627,3627,3628,3628,3628,3628,3629,3629,3629,3629
red_candle|3626,3626,3626,3626,3627,3627,3627,3627,3628,3628,3628,3628,3629,3629,3629,3629
black_candle|3626,3626,3626,3626,3627,3627,3627,3627,3628,3628,3628,3628,3629,3629,3629,3629
candle_cake|3630
white_candle_cake|3630
orange_candle_cake|3630
magenta_candle_cake|3630
light_blue_candle_cake|3630
yellow_candle_cake|3630
lime_candle_cake|3630
pink_candle_cake|3630
gray_candle_cake|3630
light_gray_candle_cake|3630
cyan_candle_cake|3630
purple_candle_cake|3630
blue_candle_cake|3630
brown_candle_cake|3630
green_candle_cake|3630
red_candle_cake|3630
black_candle_cake|3630
amethyst_block|1
budding_amethyst|1
amethyst_cluster|3631,3631,3632,3632,3633,3633,3634,3634,3635,3635,3636,3636
large_amethyst_bud|3637,3637,3638,3638,3639,3639,3640,3640,3641,3641,3642,3642
medium_amethyst_bud|3643,3643,3644,3644,3645,3645,3646,3646,3647,3647,3648,3648
small_amethyst_bud|3649,3649,3650,3650,3651,3651,3652,3652,3653,3653,3654,3654
tuff|1
calcite|1
tinted_glass|1
powder_snow
sculk_sensor|3655
calibrated_sculk_sensor|3655
sculk|1
sculk_vein
sculk_catalyst|1
sculk_shrieker|3656
oxidized_copper|1
weathered_copper|1
exposed_copper|1
copper_block|1
copper_ore|1
deepslate_copper_ore|1
oxidized_cut_copper|1
weathered_cut_copper|1
exposed_cut_copper|1
cut_copper|1
oxidized_cut_copper_stairs|24,24,25,25,26,26,27,27,28,28,29,29,30,30,31,31,32,32,33,33,34,34,35,35,36,36,37,37,38,38,39,39,40,40,41,41,42,42,43,43,44,44,36,36,25,25,38,38,27,27,45,45,41,41,30,30,43,43,32,32,46,46,26,26,35,35,28,28,37,37,47,47,31,31,40,40,33,33,42,42
weathered_cut_copper_stairs|24,24,25,25,26,26,27,27,28,28,29,29,30,30,31,31,32,32,33,33,34,34,35,35,36,36,37,37,38,38,39,39,40,40,41,41,42,42,43,43,44,44,36,36,25,25,38,38,27,27,45,45,41,41,30,30,43,43,32,32,46,46,26,26,35,35,28,28,37,37,47,47,31,31,40,40,33,33,42,42
exposed_cut_copper_stairs|24,24,25,25,26,26,27,27,28,28,29,29,30,30,31,31,32,32,33,33,34,34,35,35,36,36,37,37,38,38,39,39,40,40,41,41,42,42,43,43,44,44,36,36,25,25,38,38,27,27,45,45,41,41,30,30,43,43,32,32,46,46,26,26,35,35,28,28,37,37,47,47,31,31,40,40,33,33,42,42
cut_copper_stairs|24,24,25,25,26,26,27,27,28,28,29,29,30,30,31,31,32,32,33,33,34,34,35,35,36,36,37,37,38,38,39,39,40,40,41,41,42,42,43,43,44,44,36,36,25,25,38,38,27,27,45,45,41,41,30,30,43,43,32,32,46,46,26,26,35,35,28,28,37,37,47,47,31,31,40,40,33,33,42,42
oxidized_cut_copper_slab|773,773,774,774,1,1
weathered_cut_copper_slab|773,773,774,774,1,1
exposed_cut_copper_slab|773,773,774,774,1,1
cut_copper_slab|773,773,774,774,1,1
waxed_copper_block|1
waxed_weathered_copper|1
waxed_exposed_copper|1
waxed_oxidized_copper|1
waxed_oxidized_cut_copper|1
waxed_weathered_cut_copper|1
waxed_exposed_cut_copper|1
waxed_cut_copper|1
waxed_oxidized_cut_copper_stairs|24,24,25,25,26,26,27,27,28,28,29,29,30,30,31,31,32,32,33,33,34,34,35,35,36,36,37,37,38,38,39,39,40,40,41,41,42,42,43,43,44,44,36,36,25,25,38,38,27,27,45,45,41,41,30,30,43,43,32,32,46,46,26,26,35,35,28,28,37,37,47,47,31,31,40,40,33,33,42,42
waxed_weathered_cut_copper_stairs|24,24,25,25,26,26,27,27,28,28,29,29,30,30,31,31,32,32,33,33,34,34,35,35,36,36,37,37,38,38,39,39,40,40,41,41,42,42,43,43,44,44,36,36,25,25,38,38,27,27,45,45,41,41,30,30,43,43,32,32,46,46,26,26,35,35,28,28,37,37,47,47,31,31,40,40,33,33,42,42
waxed_exposed_cut_copper_stairs|24,24,25,25,26,26,27,27,28,28,29,29,30,30,31,31,32,32,33,33,34,34,35,35,36,36,37,37,38,38,39,39,40,40,41,41,42,42,43,43,44,44,36,36,25,25,38,38,27,27,45,45,41,41,30,30,43,43,32,32,46,46,26,26,35,35,28,28,37,37,47,47,31,31,40,40,33,33,42,42
waxed_cut_copper_stairs|24,24,25,25,26,26,27,27,28,28,29,29,30,30,31,31,32,32,33,33,34,34,35,35,36,36,37,37,38,38,39,39,40,40,41,41,42,42,43,43,44,44,36,36,25,25,38,38,27,27,45,45,41,41,30,30,43,43,32,32,46,46,26,26,35,35,28,28,37,37,47,47,31,31,40,40,33,33,42,42
waxed_oxidized_cut_copper_slab|773,773,774,774,1,1
waxed_weathered_cut_copper_slab|773,773,774,774,1,1
waxed_exposed_cut_copper_slab|773,773,774,774,1,1
waxed_cut_copper_slab|773,773,774,774,1,1
lightning_rod|904,904,904,904,905,905,905,905,904,904,904,904,905,905,905,905,906,906,906,906,906,906,906,906
pointed_dripstone|3657,3658,3659,3660,3661,3662,3663,3664,3665,3666,3667,3668,3669,3670,3671,3672,3673,3674,3675,3676
dripstone_block|1
cave_vines
cave_vines_plant
spore_blossom
azalea|3677
flowering_azalea|3677
moss_carpet|775
pink_petals
moss_block|1
big_dripleaf|3678,3678,3679,3679,3680,3680,0,0,3678,3678,3679,3679,3680,3680,0,0,3678,3678,3679,3679,3680,3680,0,0,3678,3678,3679,3679,3680,3680,0,0
big_dripleaf_stem
small_dripleaf
hanging_roots
rooted_dirt|1
mud|3681
deepslate|1
cobbled_deepslate|1
cobbled_deepslate_stairs|24,24,25,25,26,26,27,27,28,28,29,29,30,30,31,31,32,32,33,33,34,34,35,35,36,36,37,37,38,38,39,39,40,40,41,41,42,42,43,43,44,44,36,36,25,25,38,38,27,27,45,45,41,41,30,30,43,43,32,32,46,46,26,26,35,35,28,28,37,37,47,47,31,31,40,40,33,33,42,42
cobbled_deepslate_slab|773,773,774,774,1,1
cobbled_deepslate_wall|3682,3683,3684,3682,3683,3684,0,3685,3686,0,3685,3686,3687,3688,3689,3687,3688,3689,3690,3691,3692,3690,3691,3692,3693,3694,3695,3693,3694,3695,3696,3697,3698,3696,3697,3698,3699,3700,3701,3699,3700,3701,3702,3703,3704,3702,3703,3704,3705,3706,3707,3705,3706,3707,3708,3709,3710,3708,3709,3710,3711,3712,3713,3711,3712,3713,3714,3715,3716,3714,3715,3716,3717,3718,3719,3717,3718,3719,3720,3721,3722,3720,3721,3722,3723,3724,3725,3723,3724,3725,3726,3727,3728,3726,3727,3728,3729,3730,3731,3729,3730,3731,3732,3733,3734,3732,3733,3734,3735,3736,3737,3735,3736,3737,3738,3739,3740,3738,3739,3740,3741,3742,3743,3741,3742,3743,3744,3745,3746,3744,3745,3746,3747,3748,3749,3747,3748,3749,3750,3751,3752,3750,3751,3752,3753,3754,3755,3753,3754,3755,3756,3757,3758,3756,3757,3758,3759,3760,3761,3759,3760,3761,3762,3763,3764,3762,3763,3764,3765,3766,3767,3765,3766,3767,3768,3769,3770,3768,3769,3770,3771,3772,3773,3771,3772,3773,3774,3775,3776,3774,3775,3776,3777,3778,3779,3777,3778,3779,3780,3781,3782,3780,3781,3782,3783,3784,3785,3783,3784,3785,3786,3787,3788,3786,3787,3788,3789,3790,3791,3789,3790,3791,3792,3793,3794,3792,3793,3794,3795,3796,3797,3795,3796,3797,3798,3799,3800,3798,3799,3800,3801,3802,3803,3801,3802,3803,3804,3805,3806,3804,3805,3806,3807,3808,3809,3807,3808,3809,3810,3811,3812,3810,3811,3812,3813,3814,3815,3813,3814,3815,3816,3817,3818,3816,3817,3818,3819,3820,3821,3819,3820,3821,3822,3823,3824,3822,3823,3824,3825,3826,3827,3825,3826,3827,3828,3829,3830,3828,3829,3830,3831,3832,3833,3831,3832,3833,3834,3835,3836,3834,3835,3836,3837,3838,3839,3837,3838,3839,3840,3841,3842,3840,3841,3842
polished_deepslate|1
polished_deepslate_stairs|24,24,25,25,26,26,27,27,28,28,29,29,30,30,31,31,32,32,33,33,34,34,35,35,36,36,37,37,38,38,39,39,40,40,41,41,42,42,43,43,44,44,36,36,25,25,38,38,27,27,45,45,41,41,30,30,43,43,32,32,46,46,26,26,35,35,28,28,37,37,47,47,31,31,40,40,33,33,42,42
polished_deepslate_slab|773,773,774,774,1,1
polished_deepslate_wall|3843,3844,3845,3843,3844,3845,0,3846,3847,0,3846,3847,3848,3849,3850,3848,3849,3850,3851,3852,3853,3851,3852,3853,3854,3855,3856,3854,3855,3856,3857,3858,3859,3857,3858,3859,3860,3861,3862,3860,3861,3862,3863,3864,3865,3863,3864,3865,3866,3867,3868,3866,3867,3868,3869,3870,3871,3869,3870,3871,3872,3873,3874,3872,3873,3874,3875,3876,3877,3875,3876,3877,3878,3879,3880,3878,3879,3880,3881,3882,3883,3881,3882,3883,3884,3885,3886,3884,3885,3886,3887,3888,3889,3887,3888,3889,3890,3891,3892,3890,3891,3892,3893,3894,3895,3893,3894,3895,3896,3897,3898,3896,3897,3898,3899,3900,3901,3899,3900,3901,3902,3903,3904,3902,3903,3904,3905,3906,3907,3905,3906,3907,3908,3909,3910,3908,3909,3910,3911,3912,3913,3911,3912,3913,3914,3915,3916,3914,3915,3916,3917,3918,3919,3917,3918,3919,3920,3921,3922,3920,3921,3922,3923,3924,3925,3923,3924,3925,3926,3927,3928,3926,3927,3928,3929,3930,3931,3929,3930,3931,3932,3933,3934,3932,3933,3934,3935,3936,3937,3935,3936,3937,3938,3939,3940,3938,3939,3940,3941,3942,3943,3941,3942,3943,3944,3945,3946,3944,3945,3946,3947,3948,3949,3947,3948,3949,3950,3951,3952,3950,3951,3952,3953,3954,3955,3953,3954,3955,3956,3957,3958,3956,3957,3958,3959,3960,3961,3959,3960,3961,3962,3963,3964,3962,3963,3964,3965,3966,3967,3965,3966,3967,3968,3969,3970,3968,3969,3970,3971,3972,3973,3971,3972,3973,3974,3975,3976,3974,3975,3976,3977,3978,3979,3977,3978,3979,3980,3981,3982,3980,3981,3982,3983,3984,3985,3983,3984,3985,3986,3987,3988,3986,3987,3988,3989,3990,3991,3989,3990,3991,3992,3993,3994,3992,3993,3994,3995,3996,3997,3995,3996,3997,3998,3999,4000,3998,3999,4000,4001,4002,4003,4001,4002,4003
deepslate_tiles|1
deepslate_tile_stairs|24,24,25,25,26,26,27,27,28,28,29,29,30,30,31,31,32,32,33,33,34,34,35,35,36,36,37,37,38,38,39,39,40,40,41,41,42,42,43,43,44,44,36,36,25,25,38,38,27,27,45,45,41,41,30,30,43,43,32,32,46,46,26,26,35,35,28,28,37,37,47,47,31,31,40,40,33,33,42,42
deepslate_tile_slab|773,773,774,774,1,1
deepslate_tile_wall|4004,4005,4006,4004,4005,4006,0,4007,4008,0,4007,4008,4009,4010,4011,4009,4010,4011,4012,4013,4014,4012,4013,4014,4015,4016,4017,4015,4016,4017,4018,4019,4020,4018,4019,4020,4021,4022,4023,4021,4022,4023,4024,4025,4026,4024,4025,4026,4027,4028,4029,4027,4028,4029,4030,4031,4032,4030,4031,4032,4033,4034,4035,4033,4034,4035,4036,4037,4038,4036,4037,4038,4039,4040,4041,4039,4040,4041,4042,4043,4044,4042,4043,4044,4045,4046,4047,4045,4046,4047,4048,4049,4050,4048,4049,4050,4051,4052,4053,4051,4052,4053,4054,4055,4056,4054,4055,4056,4057,4058,4059,4057,4058,4059,4060,4061,4062,4060,4061,4062,4063,4064,4065,4063,4064,4065,4066,4067,4068,4066,4067,4068,4069,4070,4071,4069,4070,4071,4072,4073,4074,4072,4073,4074,4075,4076,4077,4075,4076,4077,4078,4079,4080,4078,4079,4080,4081,4082,4083,4081,4082,4083,4084,4085,4086,4084,4085,4086,4087,4088,4089,4087,4088,4089,4090,4091,4092,4090,4091,4092,4093,4094,4095,4093,4094,4095,4096,4097,4098,4096,4097,4098,4099,4100,4101,4099,4100,4101,4102,4103,4104,4102,4103,4104,4105,4106,4107,4105,4106,4107,4108,4109,4110,4108,4109,4110,4111,4112,4113,4111,4112,4113,4114,4115,4116,4114,4115,4116,4117,4118,4119,4117,4118,4119,4120,4121,4122,4120,4121,4122,4123,4124,4125,4123,4124,4125,4126,4127,4128,4126,4127,4128,4129,4130,4131,4129,4130,4131,4132,4133,4134,4132,4133,4134,4135,4136,4137,4135,4136,4137,4138,4139,4140,4138,4139,4140,4141,4142,4143,4141,4142,4143,4144,4145,4146,4144,4145,4146,4147,4148,4149,4147,4148,4149,4150,4151,4152,4150,4151,4152,4153,4154,4155,4153,4154,4155,4156,4157,4158,4156,4157,4158,4159,4160,4161,4159,4160,4161,4162,4163,4164,4162,4163,4164
deepslate_bricks|1
deepslate_brick_stairs|24,24,25,25,26,26,27,27,28,28,29,29,30,30,31,31,32,32,33,33,34,34,35,35,36,36,37,37,38,38,39,39,40,40,41,41,42,42,43,43,44,44,36,36,25,25,38,38,27,27,45,45,41,41,30,30,43,43,32,32,46,46,26,26,35,35,28,28,37,37,47,47,31,31,40,40,33,33,42,42
deepslate_brick_slab|773,773,774,774,1,1
deepslate_brick_wall|4165,4166,4167,4165,4166,4167,0,4168,4169,0,4168,4169,4170,4171,4172,4170,4171,4172,4173,4174,4175,4173,4174,4175,4176,4177,4178,4176,4177,4178,4179,4180,4181,4179,4180,4181,4182,4183,4184,4182,4183,4184,4185,4186,4187,4185,4186,4187,4188,4189,4190,4188,4189,4190,4191,4192,4193,4191,4192,4193,4194,4195,4196,4194,4195,4196,4197,4198,4199,4197,4198,4199,4200,4201,4202,4200,4201,4202,4203,4204,4205,4203,4204,4205,4206,4207,4208,4206,4207,4208,4209,4210,4211,4209,4210,4211,4212,4213,4214,4212,4213,4214,4215,4216,4217,4215,4216,4217,4218,4219,4220,4218,4219,4220,4221,4222,4223,4221,4222,4223,4224,4225,4226,4224,4225,4226,4227,4228,4229,4227,4228,4229,4230,4231,4232,4230,4231,4232,4233,4234,4235,4233,4234,4235,4236,4237,4238,4236,4237,4238,4239,4240,4241,4239,4240,4241,4242,4243,4244,4242,4243,4244,4245,4246,4247,4245,4246,4247,4248,4249,4250,4248,4249,4250,4251,4252,4253,4251,4252,4253,4254,4255,4256,4254,4255,4256,4257,4258,4259,4257,4258,4259,4260,4261,4262,4260,4261,4262,4263,4264,4265,4263,4264,4265,4266,4267,4268,4266,4267,4268,4269,4270,4271,4269,4270,4271,4272,4273,4274,4272,4273,4274,4275,4276,4277,4275,4276,4277,4278,4279,4280,4278,4279,4280,4281,4282,4283,4281,4282,4283,4284,4285,4286,4284,4285,4286,4287,4288,4289,4287,4288,4289,4290,4291,4292,4290,4291,4292,4293,4294,4295,4293,4294,4295,4296,4297,4298,4296,4297,4298,4299,4300,4301,4299,4300,4301,4302,4303,4304,4302,4303,4304,4305,4306,4307,4305,4306,4307,4308,4309,4310,4308,4309,4310,4311,4312,4313,4311,4312,4313,4314,4315,4316,4314,4315,4316,4317,4318,4319,4317,4318,4319,4320,4321,4322,4320,4321,4322,4323,4324,4325,4323,4324,4325
chiseled_deepslate|1
cracked_deepslate_bricks|1
cracked_deepslate_tiles|1
infested_deepslate|1
smooth_basalt|1
raw_iron_block|1
raw_copper_block|1
raw_gold_block|1
potted_azalea_bush|498
potted_flowering_azalea_bush|498
ochre_froglight|1
verdant_froglight|1
pearlescent_froglight|1
frogspawn
reinforced_deepslate|1
decorated_pot|4326